            NJI  01  0027.5N 121.1E  9999.9   21.0     59   14.0 1007.89999.9  21.0   2.2   6.2 999.9 999.9
            NJI  01  0127.5N 121.1E  9999.9   20.9     58   14.6 1008.09999.9  20.9   2.1   6.4 999.9 999.9
            NJI  01  0227.5N 121.1E  9999.9   20.9     59   16.1 1007.39999.9  20.9   2.1   6.6 999.9 999.9
            NJI  01  0327.5N 121.1E  9999.9   20.9     54   17.5 1006.99999.9  20.9   1.8   6.8 999.9 999.9
            NJI  01  0427.5N 121.1E  9999.9   20.9     57   18.3 1006.49999.9  20.9   2.0   6.8 999.9 999.9
            NJI  01  0527.5N 121.1E  9999.9   20.8     55   16.7 1007.29999.9  20.8   2.1   7.2 999.9 999.9
            NJI  01  0627.5N 121.1E  9999.9   20.8     54   16.1 1007.49999.9  20.8   2.1   7.0 999.9 999.9
            NJI  01  0727.5N 121.1E  9999.9   20.7     50   16.2 1006.19999.9  20.7   2.0   7.1 999.9 999.9
            NJI  01  0827.5N 121.1E  9999.9   20.5     52   14.1 1007.19999.9  20.5   1.9   7.0 999.9 999.9
            NJI  01  0927.5N 121.1E  9999.9   20.1     48   11.2 1008.29999.9  20.1   1.9   6.8 999.9 999.9
            NJI  01  1027.5N 121.1E  9999.9   20.1     40   11.5 1008.69999.9  20.1   2.1   6.7 999.9 999.9
            NJI  01  1127.5N 121.1E  9999.9   20.2     47   10.0 1009.59999.9  20.2   1.9   6.3 999.9 999.9
            NJI  01  1227.5N 121.1E  9999.9   20.3     40   11.4 1009.99999.9  20.3   2.0   6.4 999.9 999.9
            NJI  01  1327.5N 121.1E  9999.9   20.7     54   11.4 1009.39999.9  20.7   1.8   6.3 999.9 999.9
            NJI  01  1427.5N 121.1E  9999.9   20.7     49   11.6 1008.99999.9  20.7   1.6   6.1 999.9 999.9
            NJI  01  1527.5N 121.1E  9999.9   20.7     55   11.6 1008.69999.9  20.7   1.6   5.8 999.9 999.9
            NJI  01  1627.5N 121.1E  9999.9   20.6     40   10.4 1008.19999.9  20.6   1.6   6.3 999.9 999.9
            NJI  01  1727.5N 121.1E  9999.9   20.6     49   14.1 1007.49999.9  20.6   1.7   6.3 999.9 999.9
            NJI  01  1827.5N 121.1E  9999.9   20.6     53   13.7 1008.19999.9  20.6   1.8   6.6 999.9 999.9
            NJI  01  1927.5N 121.1E  9999.9   20.5     52   13.3 1008.29999.9  20.5   1.7   6.4 999.9 999.9
            NJI  01  2027.5N 121.1E  9999.9   20.4     56   16.0 1008.49999.9  20.4   2.1   6.3 999.9 999.9
            NJI  01  2127.5N 121.1E  9999.9   20.3     49   16.5 1008.19999.9  20.3   2.2   6.3 999.9 999.9
            NJI  01  2227.5N 121.1E  9999.9   20.2     52   16.9 1008.79999.9  20.2   1.9   6.3 999.9 999.9
            NJI  01  2327.5N 121.1E  9999.9   20.0     56   16.1 1009.09999.9  20.0   2.0   6.0 999.9 999.9
            NJI  02  0027.5N 121.1E  9999.9   20.1     52   15.6 1009.09999.9  20.1   1.7   5.5 999.9 999.9
            NJI  02  0127.5N 121.1E  9999.9   20.4     48   14.4 1008.89999.9  20.4   1.9   5.6 999.9 999.9
            NJI  02  0227.5N 121.1E  9999.9   20.4     52   15.4 1008.79999.9  20.4   1.7   6.1 999.9 999.9
            NJI  02  0327.5N 121.1E  9999.9   20.5     54   15.7 1008.19999.9  20.5   1.7   5.5 999.9 999.9
            NJI  02  0427.5N 121.1E  9999.9   20.4     42    9.8 1008.09999.9  20.4   1.5   5.9 999.9 999.9
            NJI  02  0527.5N 121.1E  9999.9   20.0     49   11.0 1007.79999.9  20.0   1.6   6.0 999.9 999.9
            NJI  02  0627.5N 121.1E  9999.9   19.7     35   10.6 1007.89999.9  19.7   1.6   6.3 999.9 999.9
            NJI  02  0727.5N 121.1E  9999.9   19.8     34    9.0 1007.59999.9  19.8   1.4   6.6 999.9 999.9
            NJI  02  0827.5N 121.1E  9999.9   19.7     36    9.6 1008.19999.9  19.7   1.6   6.1 999.9 999.9
            NJI  02  0927.5N 121.1E  9999.9   19.8     37   10.5 1007.99999.9  19.8   1.6   6.3 999.9 999.9
            NJI  02  1027.5N 121.1E  9999.9   19.7     37   10.6 1008.29999.9  19.7   1.7   6.2 999.9 999.9
            NJI  02  1127.5N 121.1E  9999.9   19.7     37    9.2 1009.09999.9  19.7   1.4   5.7 999.9 999.9
            NJI  02  1227.5N 121.1E  9999.9   19.7     34    8.9 1009.19999.9  19.7   1.6   5.9 999.9 999.9
            NJI  02  1327.5N 121.1E  9999.9   20.1     34    8.8 1008.89999.9  20.1   1.6   5.8 999.9 999.9
            NJI  02  1427.5N 121.1E  9999.9   20.3     38    9.2 1008.49999.9  20.3   1.5   5.6 999.9 999.9
            NJI  02  1527.5N 121.1E  9999.9   20.3     19    9.9 1007.79999.9  20.3   1.6   5.5 999.9 999.9
            NJI  02  1627.5N 121.1E  9999.9   20.2     17    9.3 1007.19999.9  20.2   1.5   5.6 999.9 999.9
            NJI  02  1727.5N 121.1E  9999.9   20.2     23   11.0 1006.79999.9  20.2   1.5   5.8 999.9 999.9
            NJI  02  1827.5N 121.1E  9999.9   20.2     29   10.7 1006.39999.9  20.2   1.6   5.7 999.9 999.9
            NJI  02  1927.5N 121.1E  9999.9   20.0     32   10.6 1006.49999.9  20.0   1.4   6.0 999.9 999.9
            NJI  02  2027.5N 121.1E  9999.9   20.0     37   12.0 1005.99999.9  20.0   1.6   6.1 999.9 999.9
            NJI  02  2127.5N 121.1E  9999.9   19.8     38   10.1 1006.19999.9  19.8   1.6   6.3 999.9 999.9
            NJI  02  2227.5N 121.1E  9999.9   19.7     27    9.2 1006.49999.9  19.7   1.6   6.0 999.9 999.9
            NJI  02  2327.5N 121.1E  9999.9   19.7     27   10.2 1006.69999.9  19.7   1.6   6.0 999.9 999.9
            NJI  03  0027.5N 121.1E  9999.9   19.8     20    9.6 1006.69999.9  19.8   1.5   6.1 999.9 999.9
            NJI  03  0127.5N 121.1E  9999.9   19.8     16    9.3 1006.29999.9  19.8   1.5   5.6 999.9 999.9
            NJI  03  0227.5N 121.1E  9999.9   19.7      6   12.8 1005.79999.9  19.7   1.4   5.4 999.9 999.9
            NJI  03  0327.5N 121.1E  9999.9   20.0     15   11.0 1005.39999.9  20.0   1.3   5.7 999.9 999.9
            NJI  03  0427.5N 121.1E  9999.9   20.2     14    9.4 1005.19999.9  20.2   1.4   5.5 999.9 999.9
            NJI  03  0527.5N 121.1E  9999.9   20.3     18   11.6 1004.29999.9  20.3   1.4   5.7 999.9 999.9
            NJI  03  0627.5N 121.1E  9999.9   20.2     23    8.1 1003.79999.9  20.2   1.3   5.6 999.9 999.9
            NJI  03  0727.5N 121.1E  9999.9   20.1     23    9.4 1003.29999.9  20.1   1.3   5.8 999.9 999.9
            NJI  03  0827.5N 121.1E  9999.9   20.1     23    8.3 1003.29999.9  20.1   1.3   6.1 999.9 999.9
            NJI  03  0927.5N 121.1E  9999.9   20.0     26    7.2 1004.29999.9  20.0   1.2   6.0 999.9 999.9
            NJI  03  1027.5N 121.1E  9999.9   19.8     19   10.5 1004.39999.9  19.8   1.5   6.1 999.9 999.9
            NJI  03  1127.5N 121.1E  9999.9   19.7     30    8.7 1004.69999.9  19.7   1.7   6.1 999.9 999.9
            NJI  03  1227.5N 121.1E  9999.9   19.6     24    8.3 1005.29999.9  19.6   1.8   6.2 999.9 999.9
            NJI  03  1327.5N 121.1E  9999.9   19.9     16    9.8 1005.09999.9  19.9   1.7   5.9 999.9 999.9
            NJI  03  1427.5N 121.1E  9999.9   20.0     19   10.5 1004.59999.9  20.0   2.0   6.1 999.9 999.9
            NJI  03  1527.5N 121.1E  9999.9   20.1     22   10.9 1003.99999.9  20.1   2.1   6.1 999.9 999.9
            NJI  03  1627.5N 121.1E  9999.9   20.2     25    9.3 1003.39999.9  20.2   2.0   6.5 999.9 999.9
            NJI  03  1727.5N 121.1E  9999.9   20.3     39   10.3 1002.99999.9  20.3   1.9   6.6 999.9 999.9
            NJI  03  1827.5N 121.1E  9999.9   20.2     38   11.4 1002.89999.9  20.2   1.9   6.2 999.9 999.9
            NJI  03  1927.5N 121.1E  9999.9   20.2     39   10.6 1003.29999.9  20.2   1.8   6.7 999.9 999.9
            NJI  03  2027.5N 121.1E  9999.9   20.2     40   11.0 1003.39999.9  20.2   1.7   6.9 999.9 999.9
            NJI  03  2127.5N 121.1E  9999.9   20.1     33    9.5 1003.99999.9  20.1   1.9   6.9 999.9 999.9
            NJI  03  2227.5N 121.1E  9999.9   20.0     37   10.4 1004.29999.9  20.0   1.7   7.1 999.9 999.9
            NJI  03  2327.5N 121.1E  9999.9   20.0     26    9.0 1004.69999.9  20.0   1.8   7.1 999.9 999.9
            NJI  04  0027.5N 121.1E  9999.9   20.0     41    8.4 1004.69999.9  20.0   1.7   7.0 999.9 999.9
            NJI  04  0127.5N 121.1E  9999.9   20.0     33    8.6 1004.69999.9  20.0   1.7   6.9 999.9 999.9
            NJI  04  0227.5N 121.1E  9999.9   20.0     19    9.9 1004.39999.9  20.0   1.6   6.5 999.9 999.9
            NJI  04  0327.5N 121.1E  9999.9   20.1     18    9.0 1004.39999.9  20.1   1.7   6.8 999.9 999.9
            NJI  04  0427.5N 121.1E  9999.9   20.1     18    9.1 1003.99999.9  20.1   1.6   6.6 999.9 999.9
            NJI  04  0527.5N 121.1E  9999.9   20.2     23    7.9 1003.69999.9  20.2   1.6   6.9 999.9 999.9
            NJI  04  0627.5N 121.1E  9999.9   20.2     20    8.5 1003.29999.9  20.2   1.5   6.8 999.9 999.9
            NJI  04  0727.5N 121.1E  9999.9   20.2     17    6.9 1003.29999.9  20.2   1.5   6.9 999.9 999.9
            NJI  04  0827.5N 121.1E  9999.9   20.2     19    7.0 1003.59999.9  20.2   1.6   7.3 999.9 999.9
            NJI  04  0927.5N 121.1E  9999.9   20.2     20    7.1 1004.19999.9  20.2   1.2   7.3 999.9 999.9
            NJI  04  1027.5N 121.1E  9999.9   20.3     19    7.6 1004.89999.9  20.3   1.4   7.2 999.9 999.9
            NJI  04  1127.5N 121.1E  9999.9   20.3     27    7.0 1005.49999.9  20.3   1.4   7.3 999.9 999.9
            NJI  04  1227.5N 121.1E  9999.9   20.7     17    7.2 1005.69999.9  20.7   1.4   6.9 999.9 999.9
            NJI  04  1327.5N 121.1E  9999.9   21.0     36    5.6 1005.29999.9  21.0   1.4   7.3 999.9 999.9
            NJI  04  1427.5N 121.1E  9999.9   21.2     37    6.6 1004.79999.9  21.2   1.4   6.9 999.9 999.9
            NJI  04  1527.5N 121.1E  9999.9   21.3     37    6.5 1003.89999.9  21.3   1.4   6.4 999.9 999.9
            NJI  04  1627.5N 121.1E  9999.9   21.3     45    6.7 1003.09999.9  21.3   1.3   6.2 999.9 999.9
            NJI  04  1727.5N 121.1E  9999.9   21.1     37    6.5 1002.89999.9  21.1   1.4   6.8 999.9 999.9
            NJI  04  1827.5N 121.1E  9999.9   20.7     42    6.5 1002.99999.9  20.7   1.3   6.5 999.9 999.9
            NJI  04  1927.5N 121.1E  9999.9   20.6     49    7.3 1002.99999.9  20.6   1.3   6.3 999.9 999.9
            NJI  04  2027.5N 121.1E  9999.9   20.6     55   10.0 1003.09999.9  20.6   1.3   6.9 999.9 999.9
            NJI  04  2127.5N 121.1E  9999.9   20.6     54    8.5 1003.59999.9  20.6   1.3   7.0 999.9 999.9
            NJI  04  2227.5N 121.1E  9999.9   20.6     59    9.0 1004.19999.9  20.6   1.3   7.3 999.9 999.9
            NJI  04  2327.5N 121.1E  9999.9   20.7     54    8.7 1004.59999.9  20.7   1.3   7.0 999.9 999.9
            NJI  05  0027.5N 121.1E  9999.9   20.6     33    6.0 1005.19999.9  20.6   1.3   7.8 999.9 999.9
            NJI  05  0127.5N 121.1E  9999.9   20.6     39    6.8 1005.39999.9  20.6   1.3   7.5 999.9 999.9
            NJI  05  0227.5N 121.1E  9999.9   20.6     36    4.7 1005.49999.9  20.6   1.5   7.3 999.9 999.9
            NJI  05  0327.5N 121.1E  9999.9   20.5     44    5.2 1005.09999.9  20.5   1.4   7.1 999.9 999.9
            NJI  05  0427.5N 121.1E  9999.9   20.5     34    6.8 1004.69999.9  20.5   1.4   7.4 999.9 999.9
            NJI  05  0527.5N 121.1E  9999.9   20.5      7    6.9 1004.29999.9  20.5   1.5   7.0 999.9 999.9
            NJI  05  0627.5N 121.1E  9999.9   20.5      6    7.0 1004.19999.9  20.5   1.5   7.2 999.9 999.9
            NJI  05  0727.5N 121.1E  9999.9   20.3      5    7.7 1004.09999.9  20.3   1.3   7.5 999.9 999.9
            NJI  05  0827.5N 121.1E  9999.9   20.4      3    8.1 1004.29999.9  20.4   1.3   7.5 999.9 999.9
            NJI  05  0927.5N 121.1E  9999.9   20.4     15    7.0 1004.79999.9  20.4   1.2   7.5 999.9 999.9
            NJI  05  1027.5N 121.1E  9999.9   20.5     17    6.2 1005.29999.9  20.5   1.1   7.4 999.9 999.9
            NJI  05  1127.5N 121.1E  9999.9   20.6     22    5.4 1005.79999.9  20.6   1.1   7.3 999.9 999.9
            NJI  05  1227.5N 121.1E  9999.9   20.8     34    6.1 1006.29999.9  20.8   1.1   6.8 999.9 999.9
            NJI  05  1327.5N 121.1E  9999.9   21.1     47    9.1 1005.59999.9  21.1   1.2   6.9 999.9 999.9
            NJI  05  1427.5N 121.1E  9999.9   21.1     53    8.6 1005.29999.9  21.1   1.1   6.6 999.9 999.9
            NJI  05  1527.5N 121.1E  9999.9   21.3     52    9.7 1004.49999.9  21.3   1.1   6.1 999.9 999.9
            NJI  05  1627.5N 121.1E  9999.9   21.0     53    5.8 1004.19999.9  21.0   1.1   6.1 999.9 999.9
            NJI  05  1727.5N 121.1E  9999.9   21.0     63    5.7 1003.59999.9  21.0   1.1   6.1 999.9 999.9
            NJI  05  1827.5N 121.1E  9999.9   20.9     67    5.1 1003.39999.9  20.9   1.0   5.8 999.9 999.9
            NJI  05  1927.5N 121.1E  9999.9   20.6     57    5.9 1003.69999.9  20.6   1.0   5.8 999.9 999.9
            NJI  05  2027.5N 121.1E  9999.9   20.5     60    5.4 1003.99999.9  20.5   1.0   6.0 999.9 999.9
            NJI  05  2127.5N 121.1E  9999.9   20.7     78    4.7 1004.29999.9  20.7   1.0   6.4 999.9 999.9
            NJI  05  2227.5N 121.1E  9999.9   20.7    110    5.9 1004.59999.9  20.7   1.0   6.2 999.9 999.9
            NJI  05  2327.5N 121.1E  9999.9   20.8     97    5.7 1005.19999.9  20.8   1.0   6.4 999.9 999.9
            NJI  06  0027.5N 121.1E  9999.9   20.8     48    5.2 1005.69999.9  20.8   1.0   6.2 999.9 999.9
            NJI  06  0127.5N 121.1E  9999.9   20.7     72    5.7 1005.59999.9  20.7   1.2   6.2 999.9 999.9
            NJI  06  0227.5N 121.1E  9999.9   20.7     69    5.3 1005.69999.9  20.7   1.1   6.2 999.9 999.9
            NJI  06  0327.5N 121.1E  9999.9   20.7     91    4.1 1005.39999.9  20.7   1.3   5.9 999.9 999.9
            NJI  06  0427.5N 121.1E  9999.9   20.7     58    5.5 1005.19999.9  20.7   1.2   5.7 999.9 999.9
            NJI  06  0527.5N 121.1E  9999.9   20.6     54    5.0 1005.09999.9  20.6   1.3   5.6 999.9 999.9
            NJI  06  0627.5N 121.1E  9999.9   20.6     39    5.5 1004.79999.9  20.6   1.3   5.7 999.9 999.9
            NJI  06  0727.5N 121.1E  9999.9   20.5     28    6.5 1004.79999.9  20.5   1.2   5.8 999.9 999.9
            NJI  06  0827.5N 121.1E  9999.9   20.4     52    4.8 1005.29999.9  20.4   1.2   5.7 999.9 999.9
            NJI  06  0927.5N 121.1E  9999.9   20.5     38    6.4 1005.79999.9  20.5   1.0   6.0 999.9 999.9
            NJI  06  1027.5N 121.1E  9999.9   20.6     51    8.8 1006.19999.9  20.6   1.0   6.0 999.9 999.9
            NJI  06  1127.5N 121.1E  9999.9   20.6     53    7.6 1006.59999.9  20.6   0.9   6.2 999.9 999.9
            NJI  06  1227.5N 121.1E  9999.9   20.7     41    7.6 1007.29999.9  20.7   1.0   6.6 999.9 999.9
            NJI  06  1327.5N 121.1E  9999.9   20.8     42    7.2 1006.99999.9  20.8   1.1   6.6 999.9 999.9
            NJI  06  1427.5N 121.1E  9999.9   20.9     38    7.6 1006.69999.9  20.9   1.1   6.3 999.9 999.9
            NJI  06  1527.5N 121.1E  9999.9   20.9     34    7.3 1005.99999.9  20.9   1.0   5.5 999.9 999.9
            NJI  06  1627.5N 121.1E  9999.9   20.9     48    7.8 1005.19999.9  20.9   1.1   5.9 999.9 999.9
            NJI  06  1727.5N 121.1E  9999.9   20.8     54   10.4 1004.79999.9  20.8   1.2   5.3 999.9 999.9
            NJI  06  1827.5N 121.1E  9999.9   20.8     57    9.8 1004.69999.9  20.8   1.1   5.6 999.9 999.9
            NJI  06  1927.5N 121.1E  9999.9   20.7     54    9.0 1004.59999.9  20.7   1.0   5.1 999.9 999.9
            NJI  06  2027.5N 121.1E  9999.9   20.5     55    9.2 1004.89999.9  20.5   1.0   5.5 999.9 999.9
            NJI  06  2127.5N 121.1E  9999.9   20.6     68    7.4 1005.09999.9  20.6   0.9   5.6 999.9 999.9
            NJI  06  2227.5N 121.1E  9999.9   20.6     74    6.8 1005.69999.9  20.6   0.9   5.8 999.9 999.9
            NJI  06  2327.5N 121.1E  9999.9   20.6     62    5.2 1006.09999.9  20.6   0.8   5.9 999.9 999.9
            NJI  07  0027.5N 121.1E  9999.9   20.6     71    5.3 1006.09999.9  20.6   0.9   6.1 999.9 999.9
            NJI  07  0127.5N 121.1E  9999.9   20.6     62    4.9 1006.19999.9  20.6   1.0   6.1 999.9 999.9
            NJI  07  0227.5N 121.1E  9999.9   20.7     13    5.6 1006.09999.9  20.7   0.8   5.9 999.9 999.9
            NJI  07  0327.5N 121.1E  9999.9   20.7     19    6.0 1005.89999.9  20.7   0.9   5.6 999.9 999.9
            NJI  07  0427.5N 121.1E  9999.9   20.6     12    7.1 1005.59999.9  20.6   0.9   5.4 999.9 999.9
            NJI  07  0527.5N 121.1E  9999.9   20.5     23    6.6 1005.19999.9  20.5   0.9   4.9 999.9 999.9
            NJI  07  0627.5N 121.1E  9999.9   20.6     15    8.1 1004.99999.9  20.6   0.9   5.1 999.9 999.9
            NJI  07  0727.5N 121.1E  9999.9   20.5      6    8.6 1004.69999.9  20.5   0.8   5.3 999.9 999.9
            NJI  07  0827.5N 121.1E  9999.9   20.4      7    9.7 1004.69999.9  20.4   0.8   5.0 999.9 999.9
            NJI  07  0927.5N 121.1E  9999.9   20.4     23    7.7 1004.79999.9  20.4   0.8   5.3 999.9 999.9
            NJI  07  1027.5N 121.1E  9999.9   20.5     17    8.0 1005.39999.9  20.5   0.7   5.6 999.9 999.9
            NJI  07  1127.5N 121.1E  9999.9   20.6     12    8.1 1005.99999.9  20.6   0.7   5.8 999.9 999.9
            NJI  07  1227.5N 121.1E  9999.9   20.8     20    7.1 1006.19999.9  20.8   0.8   6.0 999.9 999.9
            NJI  07  1327.5N 121.1E  9999.9   20.8     18    7.2 1006.09999.9  20.8   0.7   6.4 999.9 999.9
            NJI  07  1427.5N 121.1E  9999.9   21.3     28    6.1 1005.59999.9  21.3   0.8   5.9 999.9 999.9
            NJI  07  1527.5N 121.1E  9999.9   21.3     25    5.9 1004.79999.9  21.3   0.8   5.7 999.9 999.9
            NJI  07  1627.5N 121.1E  9999.9   20.9     46    5.6 1003.69999.9  20.9   0.8   5.7 999.9 999.9
            NJI  07  1727.5N 121.1E  9999.9   21.0     40    6.4 1003.19999.9  21.0   0.9   5.3 999.9 999.9
            NJI  07  1827.5N 121.1E  9999.9   20.9     57    5.5 1002.59999.9  20.9   0.8   5.1 999.9 999.9
            NJI  07  1927.5N 121.1E  9999.9   20.9     68    5.1 1002.79999.9  20.9   0.7   5.4 999.9 999.9
            NJI  07  2027.5N 121.1E  9999.9   20.7     70    5.3 1002.89999.9  20.7   0.7   5.7 999.9 999.9
            NJI  07  2127.5N 121.1E  9999.9   20.6     67    4.8 1003.19999.9  20.6   0.6   5.4 999.9 999.9
            NJI  07  2227.5N 121.1E  9999.9   20.7     70    4.5 1003.39999.9  20.7   0.7   6.0 999.9 999.9
            NJI  07  2327.5N 121.1E  9999.9   20.7     56    4.0 1003.69999.9  20.7   0.6   6.0 999.9 999.9
            NJI  08  0027.5N 121.1E  9999.9   20.8     52    4.3 1003.79999.9  20.8   0.6   6.0 999.9 999.9
            NJI  08  0127.5N 121.1E  9999.9   20.8     41    4.3 1003.69999.9  20.8   0.6   6.0 999.9 999.9
            NJI  08  0227.5N 121.1E  9999.9   20.8     46    3.6 1003.39999.9  20.8   0.6   5.9 999.9 999.9
            NJI  08  0327.5N 121.1E  9999.9   20.8     24    4.2 1003.09999.9  20.8   0.6   5.7 999.9 999.9
            NJI  08  0427.5N 121.1E  9999.9   20.8     44    4.4 1002.79999.9  20.8   0.6   5.6 999.9 999.9
            NJI  08  0527.5N 121.1E  9999.9   20.8     20    1.9 1002.49999.9  20.8   0.6   5.2 999.9 999.9
            NJI  08  0627.5N 121.1E  9999.9   20.7    348    4.8 1001.99999.9  20.7   0.6   5.7 999.9 999.9
            NJI  08  0727.5N 121.1E  9999.9   20.7    344    4.5 1001.59999.9  20.7   0.5   5.2 999.9 999.9
            NJI  08  0827.5N 121.1E  9999.9   20.6    339    3.2 1001.69999.9  20.6   0.5   5.4 999.9 999.9
            NJI  08  0927.5N 121.1E  9999.9   20.6    351    3.6 1001.89999.9  20.6   0.6   5.4 999.9 999.9
            NJI  08  1027.5N 121.1E  9999.9   20.7     14    0.7 1001.99999.9  20.7   0.5   5.4 999.9 999.9
            NJI  08  1127.5N 121.1E  9999.9   20.8     65    0.5 1002.19999.9  20.8   0.5   5.6 999.9 999.9
            NJI  08  1227.5N 121.1E  9999.9   20.9     80    0.7 1002.39999.9  20.9   0.5   6.4 999.9 999.9
            NJI  08  1327.5N 121.1E  9999.9   21.2     52    0.8 1002.49999.9  21.2   0.5   6.1 999.9 999.9
            NJI  08  1427.5N 121.1E  9999.9   21.6     24    1.9 1002.19999.9  21.6   0.5   6.2 999.9 999.9
            NJI  08  1527.5N 121.1E  9999.9   21.8     65    3.2 1001.19999.9  21.8   0.6   6.1 999.9 999.9
            NJI  08  1627.5N 121.1E  9999.9   21.8     76    3.0 1000.29999.9  21.8   0.7   5.6 999.9 999.9
            NJI  08  1727.5N 121.1E  9999.9   21.4     92    3.5 1000.19999.9  21.4   0.8   5.0 999.9 999.9
            NJI  08  1827.5N 121.1E  9999.9   21.2     74    4.4 1000.39999.9  21.2   1.0   4.3 999.9 999.9
            NJI  08  1927.5N 121.1E  9999.9   21.2     64    5.6 1001.09999.9  21.2   1.4   4.6 999.9 999.9
            NJI  08  2027.5N 121.1E  9999.9   21.1     60   10.1 1001.69999.9  21.1   1.4   4.6 999.9 999.9
            NJI  08  2127.5N 121.1E  9999.9   20.8     60   11.2 1002.39999.9  20.8   1.3   4.8 999.9 999.9
            NJI  08  2227.5N 121.1E  9999.9   20.8     66    8.2 1003.09999.9  20.8   1.3   4.6 999.9 999.9
            NJI  08  2327.5N 121.1E  9999.9   20.8     61   10.1 1003.69999.9  20.8   1.3   4.9 999.9 999.9
            NJI  09  0027.5N 121.1E  9999.9   20.8     58   11.8 1004.29999.9  20.8   1.3   5.4 999.9 999.9
            NJI  09  0127.5N 121.1E  9999.9   20.9     60   13.1 1004.59999.9  20.9   1.5   5.6 999.9 999.9
            NJI  09  0227.5N 121.1E  9999.9   20.8     62   12.5 1004.89999.9  20.8   1.3   5.7 999.9 999.9
            NJI  09  0327.5N 121.1E  9999.9   20.7     59   13.7 1004.69999.9  20.7   1.2   5.2 999.9 999.9
            NJI  09  0427.5N 121.1E  9999.9   20.7     59   12.7 1004.79999.9  20.7   1.2   5.4 999.9 999.9
            NJI  09  0527.5N 121.1E  9999.9   20.5     54   12.5 1004.59999.9  20.5   1.3   5.1 999.9 999.9
            NJI  09  0627.5N 121.1E  9999.9   20.5     59   12.0 1004.69999.9  20.5   1.7   5.1 999.9 999.9
            NJI  09  0727.5N 121.1E  9999.9   20.4     56   12.7 1004.79999.9  20.4   1.5   5.3 999.9 999.9
            NJI  09  0827.5N 121.1E  9999.9   20.3     58   12.9 1005.29999.9  20.3   1.4   5.0 999.9 999.9
            NJI  09  0927.5N 121.1E  9999.9   20.3     58   12.5 1005.99999.9  20.3   1.4   5.0 999.9 999.9
            NJI  09  1027.5N 121.1E  9999.9   20.3     58   12.5 1006.19999.9  20.3   1.4   5.0 999.9 999.9
            NJI  09  1127.5N 121.1E  9999.9   20.4     54   12.6 1007.29999.9  20.4   1.3   5.4 999.9 999.9
            NJI  09  1227.5N 121.1E  9999.9   20.4     57   13.6 1007.59999.9  20.4   1.2   5.7 999.9 999.9
            NJI  09  1327.5N 121.1E  9999.9   20.4     54   14.7 1007.49999.9  20.4   1.2   5.4 999.9 999.9
            NJI  09  1427.5N 121.1E  9999.9   20.3     55   12.5 1007.29999.9  20.3   1.5   5.5 999.9 999.9
            NJI  09  1527.5N 121.1E  9999.9   20.3     57   10.7 1006.99999.9  20.3   1.0   5.5 999.9 999.9
            NJI  09  1627.5N 121.1E  9999.9   20.3     58   10.8 1006.49999.9  20.3   1.0   5.3 999.9 999.9
            NJI  09  1727.5N 121.1E  9999.9   20.3     66   10.1 1006.39999.9  20.3   1.2   5.2 999.9 999.9
            NJI  09  1827.5N 121.1E  9999.9   20.3     61    8.4 1006.19999.9  20.3   1.1   4.9 999.9 999.9
            NJI  09  1927.5N 121.1E  9999.9   20.2     67    7.3 1006.59999.9  20.2   1.0   4.6 999.9 999.9
            NJI  09  2027.5N 121.1E  9999.9   20.2     72    7.2 1006.79999.9  20.2   1.0   4.8 999.9 999.9
            NJI  09  2127.5N 121.1E  9999.9   20.2     57    9.1 1007.19999.9  20.2   0.9   4.8 999.9 999.9
            NJI  09  2227.5N 121.1E  9999.9   20.2     60    8.1 1007.39999.9  20.2   0.9   4.8 999.9 999.9
            NJI  09  2327.5N 121.1E  9999.9   20.2     60    7.8 1007.79999.9  20.2   0.9   5.2 999.9 999.9
            NJI  10  0027.5N 121.1E  9999.9   20.3     55    7.0 1008.49999.9  20.3   0.7   5.2 999.9 999.9
            NJI  10  0127.5N 121.1E  9999.9   20.2     56    8.8 1007.79999.9  20.2   0.7   5.6 999.9 999.9
            NJI  10  0227.5N 121.1E  9999.9   20.2     54    8.6 1007.89999.9  20.2   0.7   5.8 999.9 999.9
            NJI  10  0327.5N 121.1E  9999.9   20.0     53    6.4 1007.69999.9  20.0   0.8   5.9 999.9 999.9
            NJI  10  0427.5N 121.1E  9999.9   19.8     29    6.8 1007.49999.9  19.8   0.7   5.8 999.9 999.9
            NJI  10  0527.5N 121.1E  9999.9   19.8     33    7.7 1007.29999.9  19.8   0.8   5.1 999.9 999.9
            NJI  10  0627.5N 121.1E  9999.9   19.6     41    7.3 1007.29999.9  19.6   0.9   4.8 999.9 999.9
            NJI  10  0727.5N 121.1E  9999.9   19.9     49    8.1 1007.09999.9  19.9   0.9   4.6 999.9 999.9
            NJI  10  0827.5N 121.1E  9999.9   20.0     41    7.8 1007.49999.9  20.0   1.0   4.4 999.9 999.9
            NJI  10  0927.5N 121.1E  9999.9   20.1     46    8.2 1007.89999.9  20.1   1.1   4.3 999.9 999.9
            NJI  10  1027.5N 121.1E  9999.9   20.2     52    9.2 1008.39999.9  20.2   1.0   4.4 999.9 999.9
            NJI  10  1127.5N 121.1E  9999.9   20.2     55    9.6 1009.09999.9  20.2   0.9   4.6 999.9 999.9
            NJI  10  1227.5N 121.1E  9999.9   20.2     48    7.8 1009.39999.9  20.2   0.9   4.5 999.9 999.9
            NJI  10  1327.5N 121.1E  9999.9   20.2     42    7.3 1009.29999.9  20.2   0.8   4.6 999.9 999.9
            NJI  10  1427.5N 121.1E  9999.9   20.2     41    7.0 1008.59999.9  20.2   0.8   5.2 999.9 999.9
            NJI  10  1527.5N 121.1E  9999.9   20.1     45    7.4 1007.29999.9  20.1   0.8   5.0 999.9 999.9
            NJI  10  1627.5N 121.1E  9999.9   20.0     35    6.6 1006.99999.9  20.0   0.8   5.2 999.9 999.9
            NJI  10  1727.5N 121.1E  9999.9   20.0     48    7.6 1005.89999.9  20.0   0.9   5.3 999.9 999.9
            NJI  10  1827.5N 121.1E  9999.9   20.0     31    6.5 1005.89999.9  20.0   1.0   4.9 999.9 999.9
            NJI  10  1927.5N 121.1E  9999.9   20.0     34    6.2 1005.59999.9  20.0   1.0   5.0 999.9 999.9
            NJI  10  2027.5N 121.1E  9999.9   20.1     39    6.4 1006.09999.9  20.1   0.9   4.6 999.9 999.9
            NJI  10  2127.5N 121.1E  9999.9   20.1     38    6.4 1006.49999.9  20.1   1.0   4.8 999.9 999.9
            NJI  10  2227.5N 121.1E  9999.9   20.2     55    9.0 1007.09999.9  20.2   0.9   4.3 999.9 999.9
            NJI  10  2327.5N 121.1E  9999.9   20.2     47    8.0 1006.89999.9  20.2   1.0   5.2 999.9 999.9
            NJI  11  0027.5N 121.1E  9999.9   20.1     56   10.5 1006.29999.9  20.1   0.9   5.3 999.9 999.9
            NJI  11  0127.5N 121.1E  9999.9   20.1     57    8.6 1006.19999.9  20.1   0.8   5.5 999.9 999.9
            NJI  11  0227.5N 121.1E  9999.9   20.0     51    5.5 1006.09999.9  20.0   0.8   6.0 999.9 999.9
            NJI  11  0327.5N 121.1E  9999.9   19.9     45    6.1 1005.39999.9  19.9   0.7   6.0 999.9 999.9
            NJI  11  0427.5N 121.1E  9999.9   19.8     17    7.5 1005.49999.9  19.8   0.8   6.0 999.9 999.9
            NJI  11  0527.5N 121.1E  9999.9   19.8      6    8.3 1005.29999.9  19.8   0.8   5.9 999.9 999.9
            NJI  11  0627.5N 121.1E  9999.9   19.9      3    7.9 1004.89999.9  19.9   0.8   5.5 999.9 999.9
            NJI  11  0727.5N 121.1E  9999.9   19.9      5    8.7 1004.29999.9  19.9   0.9   5.2 999.9 999.9
            NJI  11  0827.5N 121.1E  9999.9   20.1      5    7.0 1004.29999.9  20.1   0.8   5.5 999.9 999.9
            NJI  11  0927.5N 121.1E  9999.9   20.1     10    8.3 1004.49999.9  20.1   0.8   5.4 999.9 999.9
            NJI  11  1027.5N 121.1E  9999.9   20.1      2    8.5 1004.69999.9  20.1   0.8   5.3 999.9 999.9
            NJI  11  1127.5N 121.1E  9999.9   20.3      5    7.8 1005.19999.9  20.3   0.8   5.9 999.9 999.9
            NJI  11  1227.5N 121.1E  9999.9   20.5     14    6.6 1005.49999.9  20.5   0.7   5.8 999.9 999.9
            NJI  11  1327.5N 121.1E  9999.9   20.4      0    8.6 1005.09999.9  20.4   0.7   6.0 999.9 999.9
            NJI  11  1427.5N 121.1E  9999.9   20.7    357    7.0 1004.59999.9  20.7   0.7   6.5 999.9 999.9
            NJI  11  1527.5N 121.1E  9999.9   20.8     33    2.2 1003.39999.9  20.8   0.7   6.8 999.9 999.9
            NJI  11  1627.5N 121.1E  9999.9   20.9     12    3.3 1002.49999.9  20.9   0.8   6.3 999.9 999.9
            NJI  11  1727.5N 121.1E  9999.9   20.9     55    2.8 1001.69999.9  20.9   0.8   6.2 999.9 999.9
            NJI  11  1827.5N 121.1E  9999.9   20.8     60    3.5 1001.39999.9  20.8   0.8   6.2 999.9 999.9
            NJI  11  1927.5N 121.1E  9999.9   20.5     61    4.3 1001.19999.9  20.5   0.8   5.8 999.9 999.9
            NJI  11  2027.5N 121.1E  9999.9   20.4     65    5.1 1001.19999.9  20.4   0.8   5.9 999.9 999.9
            NJI  11  2127.5N 121.1E  9999.9   20.5     66    5.1 1001.29999.9  20.5   0.8   5.6 999.9 999.9
            NJI  11  2227.5N 121.1E  9999.9   20.5     63    5.1 1002.39999.9  20.5   0.8   5.7 999.9 999.9
            NJI  11  2327.5N 121.1E  9999.9   20.5     61    6.0 1002.49999.9  20.5   0.8   6.2 999.9 999.9
            NJI  12  0027.5N 121.1E  9999.9   20.5     59    7.2 1001.99999.9  20.5   0.7   6.0 999.9 999.9
            NJI  12  0127.5N 121.1E  9999.9   20.4     57    7.2 1001.69999.9  20.4   0.8   6.2 999.9 999.9
            NJI  12  0227.5N 121.1E  9999.9   20.4     41    6.0 1001.59999.9  20.4   0.8   5.8 999.9 999.9
            NJI  12  0327.5N 121.1E  9999.9   20.4     34    6.1 1001.49999.9  20.4   0.9   5.3 999.9 999.9
            NJI  12  0427.5N 121.1E  9999.9   19.6     33    5.4 1001.69999.9  19.6   1.1   5.4 999.9 999.9
            NJI  12  0527.5N 121.1E  9999.9   19.0     47    7.1 1000.89999.9  19.0   1.4   5.3 999.9 999.9
            NJI  12  0627.5N 121.1E  9999.9   18.6     56   12.1 1001.09999.9  18.6   1.4   5.5 999.9 999.9
            NJI  12  0727.5N 121.1E  9999.9   18.5     57   12.2 1001.19999.9  18.5   1.5   5.3 999.9 999.9
            NJI  12  0827.5N 121.1E  9999.9   20.2     54   13.1 1001.09999.9  20.2   1.7   5.3 999.9 999.9
            NJI  12  0927.5N 121.1E  9999.9   20.3     62   10.6 1001.49999.9  20.3   1.7   5.4 999.9 999.9
            NJI  12  1027.5N 121.1E  9999.9   20.3     60   11.7 1001.99999.9  20.3   1.8   5.6 999.9 999.9
            NJI  12  1127.5N 121.1E  9999.9   20.3     57   13.2 1002.49999.9  20.3   1.5   5.5 999.9 999.9
            NJI  12  1227.5N 121.1E  9999.9   20.3     57   12.9 1003.19999.9  20.3   1.5   5.5 999.9 999.9
            NJI  12  1327.5N 121.1E  9999.9   20.3     57   14.4 1003.29999.9  20.3   1.3   5.4 999.9 999.9
            NJI  12  1427.5N 121.1E  9999.9   20.3     47   11.2 1002.59999.9  20.3   1.2   5.3 999.9 999.9
            NJI  12  1527.5N 121.1E  9999.9   20.2     51   11.3 1001.69999.9  20.2   1.0   5.7 999.9 999.9
            NJI  12  1627.5N 121.1E  9999.9   20.2     41   11.2 1000.99999.9  20.2   1.0   5.2 999.9 999.9
            NJI  12  1727.5N 121.1E  9999.9   20.1     36    8.8 1000.99999.9  20.1   1.1   5.2 999.9 999.9
            NJI  12  1827.5N 121.1E  9999.9   20.1     34    9.9 1000.99999.9  20.1   1.2   5.3 999.9 999.9
            NJI  12  1927.5N 121.1E  9999.9   20.1     39    7.9 1001.39999.9  20.1   1.1   5.1 999.9 999.9
            NJI  12  2027.5N 121.1E  9999.9   20.1     35    7.2 1001.69999.9  20.1   1.1   5.0 999.9 999.9
            NJI  12  2127.5N 121.1E  9999.9   20.1     35    6.5 1001.99999.9  20.1   1.0   5.1 999.9 999.9
            NJI  12  2227.5N 121.1E  9999.9   20.1     20    9.2 1002.59999.9  20.1   1.0   5.0 999.9 999.9
            NJI  12  2327.5N 121.1E  9999.9   20.1     20    7.3 1002.89999.9  20.1   1.2   5.3 999.9 999.9
            NJI  13  0027.5N 121.1E  9999.9   20.1     22    8.2 1002.79999.9  20.1   1.2   5.0 999.9 999.9
            NJI  13  0127.5N 121.1E  9999.9   20.1     42    8.6 1002.79999.9  20.1   1.1   5.3 999.9 999.9
            NJI  13  0227.5N 121.1E  9999.9   20.0     23    8.5 1003.49999.9  20.0   1.2   5.7 999.9 999.9
            NJI  13  0327.5N 121.1E  9999.9   19.9     36    9.5 1002.99999.9  19.9   1.3   5.9 999.9 999.9
            NJI  13  0427.5N 121.1E  9999.9   19.9     22    8.8 1002.89999.9  19.9   1.3   5.4 999.9 999.9
            NJI  13  0527.5N 121.1E  9999.9   19.8     26    8.9 1002.99999.9  19.8   1.5   5.8 999.9 999.9
            NJI  13  0627.5N 121.1E  9999.9   19.7     41    8.9 1003.09999.9  19.7   1.5   6.0 999.9 999.9
            NJI  13  0727.5N 121.1E  9999.9   19.6     40   10.3 1002.69999.9  19.6   1.7   5.7 999.9 999.9
            NJI  13  0827.5N 121.1E  9999.9   19.4     37    9.6 1003.09999.9  19.4   1.6   5.8 999.9 999.9
            NJI  13  0927.5N 121.1E  9999.9   19.7     52   11.4 1003.59999.9  19.7   1.6   5.4 999.9 999.9
            NJI  13  1027.5N 121.1E  9999.9   19.9     55   13.6 1003.69999.9  19.9   1.6   5.4 999.9 999.9
            NJI  13  1127.5N 121.1E  9999.9   20.0     45   10.8 1004.59999.9  20.0   1.5   5.8 999.9 999.9
            NJI  13  1227.5N 121.1E  9999.9   20.1     49    9.9 1005.09999.9  20.1   1.4   5.2 999.9 999.9
            NJI  13  1327.5N 121.1E  9999.9   20.1     51   11.1 1004.79999.9  20.1   1.3   5.5 999.9 999.9
            NJI  13  1427.5N 121.1E  9999.9   20.1     48    9.4 1004.69999.9  20.1   1.2   5.8 999.9 999.9
            NJI  13  1527.5N 121.1E  9999.9   20.1     51   11.2 1003.69999.9  20.1   1.3   5.9 999.9 999.9
            NJI  13  1627.5N 121.1E  9999.9   20.0     54   12.7 1002.29999.9  20.0   1.3   5.6 999.9 999.9
            NJI  13  1727.5N 121.1E  9999.9   19.9     55   12.4 1002.19999.9  19.9   1.4   6.1 999.9 999.9
            NJI  13  1827.5N 121.1E  9999.9   19.8     56   13.2 1002.09999.9  19.8   1.6   5.7 999.9 999.9
            NJI  13  1927.5N 121.1E  9999.9   19.8     54   12.8 1002.59999.9  19.8   1.6   5.5 999.9 999.9
            NJI  13  2027.5N 121.1E  9999.9   19.8     58   13.0 1002.89999.9  19.8   1.5   5.6 999.9 999.9
            NJI  13  2127.5N 121.1E  9999.9   19.8     55   12.7 1003.59999.9  19.8   1.5   5.5 999.9 999.9
            NJI  13  2227.5N 121.1E  9999.9   19.7     59   12.1 1004.09999.9  19.7   1.4   5.4 999.9 999.9
            NJI  13  2327.5N 121.1E  9999.9   19.7     54   12.9 1003.99999.9  19.7   1.2   5.4 999.9 999.9
            NJI  14  0027.5N 121.1E  9999.9   19.8     57   11.5 1004.69999.9  19.8   1.3   5.6 999.9 999.9
            NJI  14  0127.5N 121.1E  9999.9   19.9     53   10.6 1004.79999.9  19.9   1.1   5.5 999.9 999.9
            NJI  14  0227.5N 121.1E  9999.9   19.9     54   12.0 1004.49999.9  19.9   1.1   5.4 999.9 999.9
            NJI  14  0327.5N 121.1E  9999.9   19.8     52    9.8 1004.49999.9  19.8   1.0   5.7 999.9 999.9
            NJI  14  0427.5N 121.1E  9999.9   19.6     54   11.1 1004.39999.9  19.6   1.1   5.7 999.9 999.9
            NJI  14  0527.5N 121.1E  9999.9   19.5     43    6.8 1004.29999.9  19.5   1.2   5.2 999.9 999.9
            NJI  14  0627.5N 121.1E  9999.9   19.5     50    7.7 1004.09999.9  19.5   1.3   5.5 999.9 999.9
            NJI  14  0727.5N 121.1E  9999.9   19.5     56   10.5 1003.89999.9  19.5   1.3   5.5 999.9 999.9
            NJI  14  0827.5N 121.1E  9999.9   19.5     47    8.7 1004.19999.9  19.5   1.4   5.7 999.9 999.9
            NJI  14  0927.5N 121.1E  9999.9   19.5     49   10.5 1004.89999.9  19.5   1.3   5.4 999.9 999.9
            NJI  14  1027.5N 121.1E  9999.9   19.5     50    9.6 1005.39999.9  19.5   1.3   5.2 999.9 999.9
            NJI  14  1127.5N 121.1E  9999.9   19.6     56   11.3 1005.89999.9  19.6   1.2   5.2 999.9 999.9
            NJI  14  1227.5N 121.1E  9999.9   19.9     53    8.8 1006.69999.9  19.9   1.2   5.2 999.9 999.9
            NJI  14  1327.5N 121.1E  9999.9   20.0     45    7.6 1006.89999.9  20.0   1.1   5.1 999.9 999.9
            NJI  14  1427.5N 121.1E  9999.9   20.0     37    4.8 1006.49999.9  20.0   1.0   5.9 999.9 999.9
            NJI  14  1527.5N 121.1E  9999.9   19.9     52    9.0 1005.09999.9  19.9   1.0   5.5 999.9 999.9
            NJI  14  1627.5N 121.1E  9999.9   19.9     50    8.9 1004.29999.9  19.9   1.0   5.6 999.9 999.9
            NJI  14  1727.5N 121.1E  9999.9   19.9     55    8.6 1003.89999.9  19.9   1.0   5.7 999.9 999.9
            NJI  14  1827.5N 121.1E  9999.9   19.8     54    9.7 1003.69999.9  19.8   1.0   6.0 999.9 999.9
            NJI  14  1927.5N 121.1E  9999.9   19.7     56    9.7 1004.09999.9  19.7   1.1   5.7 999.9 999.9
            NJI  14  2027.5N 121.1E  9999.9   19.7     56   10.5 1004.19999.9  19.7   1.0   5.2 999.9 999.9
            NJI  14  2127.5N 121.1E  9999.9   19.7     56    9.5 1004.89999.9  19.7   1.0   5.5 999.9 999.9
            NJI  14  2227.5N 121.1E  9999.9   19.7     54    9.6 1005.19999.9  19.7   1.0   5.3 999.9 999.9
            NJI  14  2327.5N 121.1E  9999.9   19.8     55    9.4 1005.59999.9  19.8   1.0   5.4 999.9 999.9
            NJI  15  0027.5N 121.1E  9999.9   19.8     44    6.7 1005.89999.9  19.8   0.8   5.1 999.9 999.9
            NJI  15  0127.5N 121.1E  9999.9   19.8     40    6.4 1006.09999.9  19.8   0.9   5.5 999.9 999.9
            NJI  15  0227.5N 121.1E  9999.9   19.8     43    5.8 1005.89999.9  19.8   0.8   5.8 999.9 999.9
            NJI  15  0327.5N 121.1E  9999.9   19.8     35    5.2 1005.69999.9  19.8   0.8   6.1 999.9 999.9
            NJI  15  0427.5N 121.1E  9999.9   19.7     59    6.2 1005.29999.9  19.7   0.8   5.9 999.9 999.9
            NJI  15  0527.5N 121.1E  9999.9   19.5     57    5.9 1004.99999.9  19.5   0.7   6.5 999.9 999.9
            NJI  15  0627.5N 121.1E  9999.9   19.4     24    4.9 1004.59999.9  19.4   0.8   6.4 999.9 999.9
            NJI  15  0727.5N 121.1E  9999.9   19.3     23    5.7 1004.29999.9  19.3   0.8   6.2 999.9 999.9
            NJI  15  0827.5N 121.1E  9999.9   19.3     26    5.4 1004.29999.9  19.3   0.8   5.7 999.9 999.9
            NJI  15  0927.5N 121.1E  9999.9   19.4     21    6.3 1004.89999.9  19.4   0.8   6.3 999.9 999.9
            NJI  15  1027.5N 121.1E  9999.9   19.6     37    5.9 1005.19999.9  19.6   0.8   6.0 999.9 999.9
            NJI  15  1127.5N 121.1E  9999.9   19.8     22    7.1 1005.89999.9  19.8   0.8   6.0 999.9 999.9
            NJI  15  1227.5N 121.1E  9999.9   19.9     50    6.1 1005.49999.9  19.9   0.8   5.9 999.9 999.9
            NJI  15  1327.5N 121.1E  9999.9   20.0     51    5.8 1005.39999.9  20.0   0.7   5.6 999.9 999.9
            NJI  15  1427.5N 121.1E  9999.9   20.0     36    5.3 1004.79999.9  20.0   0.8   5.7 999.9 999.9
            NJI  15  1527.5N 121.1E  9999.9   19.9     38    6.2 1004.09999.9  19.9   0.7   5.6 999.9 999.9
            NJI  15  1627.5N 121.1E  9999.9   19.8     26    5.3 1003.59999.9  19.8   0.7   6.6 999.9 999.9
            NJI  15  1727.5N 121.1E  9999.9   19.8     32    5.6 1002.99999.9  19.8   0.7   6.7 999.9 999.9
            NJI  15  1827.5N 121.1E  9999.9   19.7     37    5.5 1003.29999.9  19.7   0.7   6.9 999.9 999.9
            NJI  15  1927.5N 121.1E  9999.9   19.7     34    5.7 1003.19999.9  19.7   0.7   6.9 999.9 999.9
            NJI  15  2027.5N 121.1E  9999.9   19.6     28    6.2 1003.39999.9  19.6   0.7   6.6 999.9 999.9
            NJI  15  2127.5N 121.1E  9999.9   19.7     36    6.4 1002.99999.9  19.7   0.7   7.0 999.9 999.9
            NJI  15  2227.5N 121.1E  9999.9   19.6     19    6.1 1003.79999.9  19.6   0.8   7.0 999.9 999.9
            NJI  15  2327.5N 121.1E  9999.9   19.6     20    5.9 1004.09999.9  19.6   0.7   6.7 999.9 999.9
            NJI  16  0027.5N 121.1E  9999.9   19.6     12    5.5 1004.19999.9  19.6   0.6   7.1 999.9 999.9
            NJI  16  0127.5N 121.1E  9999.9   19.6     14    3.8 1004.29999.9  19.6   0.7   7.7 999.9 999.9
            NJI  16  0227.5N 121.1E  9999.9   19.6     20    6.3 1003.89999.9  19.6   0.6   7.3 999.9 999.9
            NJI  16  0327.5N 121.1E  9999.9   19.6      1    5.2 1003.59999.9  19.6   0.7   7.8 999.9 999.9
            NJI  16  0427.5N 121.1E  9999.9   19.6    318    0.6 1003.39999.9  19.6   0.8   8.2 999.9 999.9
            NJI  16  0527.5N 121.1E  9999.9   19.6    351    6.1 1002.89999.9  19.6   0.7   8.0 999.9 999.9
            NJI  16  0627.5N 121.1E  9999.9   19.5    359    7.9 1002.49999.9  19.5   0.8   8.2 999.9 999.9
            NJI  16  0727.5N 121.1E  9999.9   19.4    354    8.4 1002.69999.9  19.4   0.7   7.9 999.9 999.9
            NJI  16  0827.5N 121.1E  9999.9   19.4     13    7.1 1002.29999.9  19.4   0.8   7.6 999.9 999.9
            NJI  16  0927.5N 121.1E  9999.9   19.4      9    7.1 1002.99999.9  19.4   0.8   8.2 999.9 999.9
            NJI  16  1027.5N 121.1E  9999.9   19.5    358    6.3 1003.39999.9  19.5   0.8   7.9 999.9 999.9
            NJI  16  1127.5N 121.1E  9999.9   19.5    348    4.7 1004.39999.9  19.5   0.8   7.4 999.9 999.9
            NJI  16  1227.5N 121.1E  9999.9   19.5     18    6.0 1004.29999.9  19.5   0.8   6.8 999.9 999.9
            NJI  16  1327.5N 121.1E  9999.9   19.5     32    3.9 1004.29999.9  19.5   0.9   6.1 999.9 999.9
            NJI  16  1427.5N 121.1E  9999.9   19.5     35    4.8 1004.49999.9  19.5   1.0   5.8 999.9 999.9
            NJI  16  1527.5N 121.1E  9999.9   19.5     57   10.0 1002.99999.9  19.5   1.1   5.8 999.9 999.9
            NJI  16  1627.5N 121.1E  9999.9   19.6     57    9.6 1002.29999.9  19.6   1.0   5.3 999.9 999.9
            NJI  16  1727.5N 121.1E  9999.9   19.7     51    9.0 1002.59999.9  19.7   1.0   5.8 999.9 999.9
            NJI  16  1827.5N 121.1E  9999.9   19.7     52    9.6 1002.69999.9  19.7   1.0   5.5 999.9 999.9
            NJI  16  1927.5N 121.1E  9999.9   19.6     51   10.0 1002.89999.9  19.6   1.1   5.3 999.9 999.9
            NJI  16  2027.5N 121.1E  9999.9   19.6     53    8.9 1003.29999.9  19.6   1.2   5.4 999.9 999.9
            NJI  16  2127.5N 121.1E  9999.9   19.6     55   12.0 1003.69999.9  19.6   1.4   5.5 999.9 999.9
            NJI  16  2227.5N 121.1E  9999.9   19.6     53   13.4 1004.09999.9  19.6   1.3   5.4 999.9 999.9
            NJI  16  2327.5N 121.1E  9999.9   19.4     55   13.4 1004.59999.9  19.4   1.2   5.5 999.9 999.9
            NJI  17  0027.5N 121.1E  9999.9   19.4     46    9.7 1004.99999.9  19.4   1.2   5.2 999.9 999.9
            NJI  17  0127.5N 121.1E  9999.9   19.4     44   10.2 1004.99999.9  19.4   1.2   5.1 999.9 999.9
            NJI  17  0227.5N 121.1E  9999.9   19.3     27   10.2 1005.19999.9  19.3   1.3   5.7 999.9 999.9
            NJI  17  0327.5N 121.1E  9999.9   19.3     20   10.6 1005.29999.9  19.3   1.3   5.2 999.9 999.9
            NJI  17  0427.5N 121.1E  9999.9   19.2     24    9.3 1004.99999.9  19.2   1.4   5.3 999.9 999.9
            NJI  17  0527.5N 121.1E  9999.9   19.2     21    8.9 1004.79999.9  19.2   1.4   5.4 999.9 999.9
            NJI  17  0627.5N 121.1E  9999.9   19.2     25    9.8 1004.19999.9  19.2   1.4   5.8 999.9 999.9
            NJI  17  0727.5N 121.1E  9999.9   19.1     24   11.0 1004.49999.9  19.1   1.2   5.8 999.9 999.9
            NJI  17  0827.5N 121.1E  9999.9   19.1     16   11.7 1004.59999.9  19.1   1.4   5.9 999.9 999.9
            NJI  17  0927.5N 121.1E  9999.9   19.1     18   11.5 1004.99999.9  19.1   1.3   5.9 999.9 999.9
            NJI  17  1027.5N 121.1E  9999.9   19.1     14    9.2 1006.29999.9  19.1   1.2   5.7 999.9 999.9
            NJI  17  1127.5N 121.1E  9999.9   19.2      8    9.9 1006.99999.9  19.2   1.4   5.7 999.9 999.9
            NJI  17  1227.5N 121.1E  9999.9   19.2     18   11.0 1007.29999.9  19.2   1.3   5.2 999.9 999.9
            NJI  17  1327.5N 121.1E  9999.9   19.1     21    8.2 1006.09999.9  19.1   1.2   5.6 999.9 999.9
            NJI  17  1427.5N 121.1E  9999.9   19.2     28    7.2 1005.09999.9  19.2   1.2   5.1 999.9 999.9
            NJI  17  1527.5N 121.1E  9999.9   19.4     32    6.8 1004.99999.9  19.4   1.3   5.1 999.9 999.9
            NJI  17  1627.5N 121.1E  9999.9   19.4     24    8.7 1004.59999.9  19.4   1.3   5.1 999.9 999.9
            NJI  17  1727.5N 121.1E  9999.9   19.4     38    8.8 1004.19999.9  19.4   1.3   4.9 999.9 999.9
            NJI  17  1827.5N 121.1E  9999.9   19.4     35    8.2 1004.09999.9  19.4   1.4   4.9 999.9 999.9
            NJI  17  1927.5N 121.1E  9999.9   19.4     55   11.5 1004.09999.9  19.4   1.3   5.6 999.9 999.9
            NJI  17  2027.5N 121.1E  9999.9   19.4     52   12.6 1004.49999.9  19.4   1.3   5.7 999.9 999.9
            NJI  17  2127.5N 121.1E  9999.9   19.3     51   12.3 1004.89999.9  19.3   1.3   5.7 999.9 999.9
            NJI  17  2227.5N 121.1E  9999.9   19.3     53   12.5 1005.19999.9  19.3   1.4   5.9 999.9 999.9
            NJI  17  2327.5N 121.1E  9999.9   19.3     48    9.9 1005.49999.9  19.3   1.4   5.6 999.9 999.9
            NJI  18  0027.5N 121.1E  9999.9   19.2     37    9.3 1005.69999.9  19.2   1.2   5.7 999.9 999.9
            NJI  18  0127.5N 121.1E  9999.9   19.2     49   10.5 1004.99999.9  19.2   1.3   5.6 999.9 999.9
            NJI  18  0227.5N 121.1E  9999.9   19.0     37    7.9 1004.79999.9  19.0   1.1   5.6 999.9 999.9
            NJI  18  0327.5N 121.1E  9999.9   19.1     34    7.8 1004.59999.9  19.1   1.2   5.6 999.9 999.9
            NJI  18  0427.5N 121.1E  9999.9   19.1     23    7.3 1004.39999.9  19.1   1.0   5.4 999.9 999.9
            NJI  18  0527.5N 121.1E  9999.9   19.2     17    8.1 1004.09999.9  19.2   1.0   5.9 999.9 999.9
            NJI  18  0627.5N 121.1E  9999.9   19.2     34    6.1 1002.99999.9  19.2   1.1   6.5 999.9 999.9
            NJI  18  0727.5N 121.1E  9999.9   19.3     19    8.7 1002.99999.9  19.3   1.0   6.0 999.9 999.9
            NJI  18  0827.5N 121.1E  9999.9   19.3     27    6.6 1002.79999.9  19.3   0.9   5.9 999.9 999.9
            NJI  18  0927.5N 121.1E  9999.9   19.2     35    7.8 1003.09999.9  19.2   1.0   6.6 999.9 999.9
            NJI  18  1027.5N 121.1E  9999.9   19.0     29    6.6 1003.79999.9  19.0   1.0   5.7 999.9 999.9
            NJI  18  1127.5N 121.1E  9999.9   18.9     38    7.6 1003.69999.9  18.9   1.0   5.6 999.9 999.9
            NJI  18  1227.5N 121.1E  9999.9   19.0     19    8.8 1004.49999.9  19.0   1.0   5.9 999.9 999.9
            NJI  18  1327.5N 121.1E  9999.9   19.0     16    7.4 1003.89999.9  19.0   1.0   5.8 999.9 999.9
            NJI  18  1427.5N 121.1E  9999.9   19.2     25    5.8 1002.99999.9  19.2   1.1   5.3 999.9 999.9
            NJI  18  1527.5N 121.1E  9999.9   19.2     21    7.6 1001.79999.9  19.2   1.0   5.4 999.9 999.9
            NJI  18  1627.5N 121.1E  9999.9   19.2     20    8.7 1000.89999.9  19.2   1.0   5.2 999.9 999.9
            NJI  18  1727.5N 121.1E  9999.9   19.4     23    8.5 1000.19999.9  19.4   1.0   5.6 999.9 999.9
            NJI  18  1827.5N 121.1E  9999.9   19.3     37    7.3 1000.39999.9  19.3   1.1   5.3 999.9 999.9
            NJI  18  1927.5N 121.1E  9999.9   19.3     16    8.3 1001.09999.9  19.3   1.1   4.9 999.9 999.9
            NJI  18  2027.5N 121.1E  9999.9   19.3     37    9.5 1001.39999.9  19.3   1.1   5.1 999.9 999.9
            NJI  18  2127.5N 121.1E  9999.9   19.3     37    9.2 1002.19999.9  19.3   1.2   5.4 999.9 999.9
            NJI  18  2227.5N 121.1E  9999.9   19.2     45   10.9 1002.29999.9  19.2   1.3   5.6 999.9 999.9
            NJI  18  2327.5N 121.1E  9999.9   19.0     42    9.9 1002.99999.9  19.0   1.6   5.6 999.9 999.9
            NJI  19  0027.5N 121.1E  9999.9   19.0     44   11.1 1002.59999.9  19.0   1.5   5.5 999.9 999.9
            NJI  19  0127.5N 121.1E  9999.9   18.9     42    7.5 1003.99999.9  18.9   1.5   5.4 999.9 999.9
            NJI  19  0227.5N 121.1E  9999.9   18.6     43    8.7 1003.69999.9  18.6   1.3   5.2 999.9 999.9
            NJI  19  0327.5N 121.1E  9999.9   18.6     43   10.4 1003.89999.9  18.6   1.2   4.9 999.9 999.9
            NJI  19  0427.5N 121.1E  9999.9   18.8     54   10.2 1003.99999.9  18.8   1.2   5.0 999.9 999.9
            NJI  19  0527.5N 121.1E  9999.9   18.9     41    8.2 1004.19999.9  18.9   1.3   5.2 999.9 999.9
            NJI  19  0627.5N 121.1E  9999.9   19.0     39    8.5 1004.29999.9  19.0   1.3   5.1 999.9 999.9
            NJI  19  0727.5N 121.1E  9999.9   19.0     39    8.7 1004.09999.9  19.0   1.4   5.3 999.9 999.9
            NJI  19  0827.5N 121.1E  9999.9   19.0     37    9.9 1004.89999.9  19.0   1.3   5.8 999.9 999.9
            NJI  19  0927.5N 121.1E  9999.9   18.7     43    9.7 1005.69999.9  18.7   1.3   5.9 999.9 999.9
            NJI  19  1027.5N 121.1E  9999.9   18.7     43   10.2 1006.09999.9  18.7   1.3   5.8 999.9 999.9
            NJI  19  1127.5N 121.1E  9999.9   18.8     42    9.6 1007.29999.9  18.8   1.3   6.0 999.9 999.9
            NJI  19  1227.5N 121.1E  9999.9   18.6     42    8.4 1008.09999.9  18.6   1.2   5.7 999.9 999.9
            NJI  19  1327.5N 121.1E  9999.9   18.5     41    8.3 1008.09999.9  18.5   1.2   5.4 999.9 999.9
            NJI  19  1427.5N 121.1E  9999.9   18.8     51    8.9 1007.59999.9  18.8   1.2   5.5 999.9 999.9
            NJI  19  1527.5N 121.1E  9999.9   18.8     46    7.9 1007.29999.9  18.8   1.2   5.3 999.9 999.9
            NJI  19  1627.5N 121.1E  9999.9   18.9     52    8.4 1006.49999.9  18.9   1.3   5.2 999.9 999.9
            NJI  19  1727.5N 121.1E  9999.9   19.0     49    8.6 1006.09999.9  19.0   1.4   5.5 999.9 999.9
            NJI  19  1827.5N 121.1E  9999.9   19.0     58   10.4 1006.09999.9  19.0   1.4   5.3 999.9 999.9
            NJI  19  1927.5N 121.1E  9999.9   19.2     70    8.6 1006.29999.9  19.2   1.4   5.2 999.9 999.9
            NJI  19  2027.5N 121.1E  9999.9   19.2     69   10.2 1006.79999.9  19.2   1.3   5.2 999.9 999.9
            NJI  19  2127.5N 121.1E  9999.9   19.1     62   10.6 1007.19999.9  19.1   1.3   5.6 999.9 999.9
            NJI  19  2227.5N 121.1E  9999.9   19.1     62   11.1 1007.79999.9  19.1   1.3   5.6 999.9 999.9
            NJI  19  2327.5N 121.1E  9999.9   18.9     55   11.8 1008.09999.9  18.9   1.3   5.4 999.9 999.9
            NJI  20  0027.5N 121.1E  9999.9   18.8     55   12.2 1008.19999.9  18.8   1.2   5.6 999.9 999.9
            NJI  20  0127.5N 121.1E  9999.9   18.9     53   11.9 1008.49999.9  18.9   1.3   5.2 999.9 999.9
            NJI  20  0227.5N 121.1E  9999.9   18.8     51   11.6 1008.19999.9  18.8   1.3   5.3 999.9 999.9
            NJI  20  0327.5N 121.1E  9999.9   18.8     53   12.2 1007.69999.9  18.8   1.2   4.8 999.9 999.9
            NJI  20  0427.5N 121.1E  9999.9   18.9     53   10.6 1007.39999.9  18.9   1.3   5.1 999.9 999.9
            NJI  20  0527.5N 121.1E  9999.9   18.8     56   10.0 1007.09999.9  18.8   1.2   5.1 999.9 999.9
            NJI  20  0627.5N 121.1E  9999.9   18.9     53   10.5 1006.69999.9  18.9   1.2   4.8 999.9 999.9
            NJI  20  0727.5N 121.1E  9999.9   19.0     55   10.7 1006.39999.9  19.0   1.1   4.9 999.9 999.9
            NJI  20  0827.5N 121.1E  9999.9   18.9     61    9.0 1006.19999.9  18.9   1.0   5.4 999.9 999.9
            NJI  20  0927.5N 121.1E  9999.9   18.9     54    8.6 1007.39999.9  18.9   1.0   5.2 999.9 999.9
            NJI  20  1027.5N 121.1E  9999.9   18.8     20    6.3 1007.99999.9  18.8   0.9   5.4 999.9 999.9
            NJI  20  1127.5N 121.1E  9999.9   18.8     24    7.6 1008.39999.9  18.8   1.0   5.4 999.9 999.9
            NJI  20  1227.5N 121.1E  9999.9   18.8     32    7.9 1008.79999.9  18.8   0.9   6.0 999.9 999.9
            NJI  20  1327.5N 121.1E  9999.9   18.7     14    8.4 1008.99999.9  18.7   0.9   6.1 999.9 999.9
            NJI  20  1427.5N 121.1E  9999.9   18.8     26    7.8 1007.99999.9  18.8   0.9   5.9 999.9 999.9
            NJI  20  1527.5N 121.1E  9999.9   18.9     28    7.5 1006.59999.9  18.9   1.0   5.6 999.9 999.9
            NJI  20  1627.5N 121.1E  9999.9   18.9     23    7.6 1005.39999.9  18.9   1.0   5.3 999.9 999.9
            NJI  20  1727.5N 121.1E  9999.9   18.9     23    6.7 1005.29999.9  18.9   1.0   5.2 999.9 999.9
            NJI  20  1827.5N 121.1E  9999.9   18.9     32    5.1 1004.69999.9  18.9   0.9   5.4 999.9 999.9
            NJI  20  1927.5N 121.1E  9999.9   18.8     40    5.9 1004.09999.9  18.8   1.0   5.5 999.9 999.9
            NJI  20  2027.5N 121.1E  9999.9   18.8     22    7.5 1004.39999.9  18.8   0.9   5.2 999.9 999.9
            NJI  20  2127.5N 121.1E  9999.9   18.9     11    9.0 1004.69999.9  18.9   0.9   5.9 999.9 999.9
            NJI  20  2227.5N 121.1E  9999.9   18.8     24    8.2 1004.79999.9  18.8   0.9   6.3 999.9 999.9
            NJI  20  2327.5N 121.1E  9999.9   18.6     38    6.4 1004.89999.9  18.6   0.9   6.2 999.9 999.9
            NJI  21  0027.5N 121.1E  9999.9   18.6     33    5.9 1005.29999.9  18.6   1.2   6.1 999.9 999.9
            NJI  21  0127.5N 121.1E  9999.9   18.5     11    8.0 1004.89999.9  18.5   1.2   6.0 999.9 999.9
            NJI  21  0227.5N 121.1E  9999.9   18.6     15    4.7 1004.49999.9  18.6   1.3   5.7 999.9 999.9
            NJI  21  0327.5N 121.1E  9999.9   18.7     19    5.1 1003.79999.9  18.7   1.4   5.8 999.9 999.9
            NJI  21  0427.5N 121.1E  9999.9   18.7      2    1.8 1003.49999.9  18.7   1.3   5.7 999.9 999.9
            NJI  21  0527.5N 121.1E  9999.9   18.8    117    2.8 1002.69999.9  18.8   1.2   5.5 999.9 999.9
            NJI  21  0627.5N 121.1E  9999.9   18.8     74    2.7 1002.49999.9  18.8   1.3   5.6 999.9 999.9
            NJI  21  0727.5N 121.1E  9999.9   18.9     69    5.0 1001.39999.9  18.9   1.2   5.7 999.9 999.9
            NJI  21  0827.5N 121.1E  9999.9   18.9     36    4.5 1001.29999.9  18.9   1.1   5.7 999.9 999.9
            NJI  21  0927.5N 121.1E  9999.9   18.9     28    5.3 1001.29999.9  18.9   1.1   5.9 999.9 999.9
            NJI  21  1027.5N 121.1E  9999.9   18.8     12    6.1 1001.29999.9  18.8   1.1   6.5 999.9 999.9
            NJI  21  1127.5N 121.1E  9999.9   18.8      7    9.3 1001.79999.9  18.8   1.0   6.4 999.9 999.9
            NJI  21  1227.5N 121.1E  9999.9   18.8      3    8.6 1002.39999.9  18.8   1.0   6.5 999.9 999.9
            NJI  21  1327.5N 121.1E  9999.9   18.8      5    8.0 1001.79999.9  18.8   1.0   6.4 999.9 999.9
            NJI  21  1427.5N 121.1E  9999.9   18.8    345    6.3 1001.59999.9  18.8   1.0   6.1 999.9 999.9
            NJI  21  1527.5N 121.1E  9999.9   19.1    347    6.2 1000.89999.9  19.1   1.1   5.9 999.9 999.9
            NJI  21  1627.5N 121.1E  9999.9   19.0    334    4.3 1000.49999.9  19.0   0.9   5.7 999.9 999.9
            NJI  21  1727.5N 121.1E  9999.9   19.0    351    4.6 1000.19999.9  19.0   1.0   5.8 999.9 999.9
            NJI  21  1827.5N 121.1E  9999.9   18.9    355    4.2 1000.09999.9  18.9   1.0   5.8 999.9 999.9
            NJI  21  1927.5N 121.1E  9999.9   18.9      4    6.6 1000.89999.9  18.9   0.9   5.2 999.9 999.9
            NJI  21  2027.5N 121.1E  9999.9   18.9      0    7.7 1001.59999.9  18.9   0.9   5.6 999.9 999.9
            NJI  21  2127.5N 121.1E  9999.9   18.9    352    8.0 1002.29999.9  18.9   0.9   5.9 999.9 999.9
            NJI  21  2227.5N 121.1E  9999.9   18.9    339    9.9 1003.69999.9  18.9   1.0   5.5 999.9 999.9
            NJI  21  2327.5N 121.1E  9999.9   18.9    352    7.1 1004.49999.9  18.9   0.9   5.6 999.9 999.9
            NJI  22  0027.5N 121.1E  9999.9   18.7    359    8.1 1004.99999.9  18.7   1.0   5.9 999.9 999.9
            NJI  22  0127.5N 121.1E  9999.9   18.6    359    9.1 1005.59999.9  18.6   0.9   5.7 999.9 999.9
            NJI  22  0227.5N 121.1E  9999.9   18.5      9    9.5 1006.19999.9  18.5   0.9   5.6 999.9 999.9
            NJI  22  0327.5N 121.1E  9999.9   18.5      5   11.1 1005.99999.9  18.5   0.9   5.5 999.9 999.9
            NJI  22  0427.5N 121.1E  9999.9   18.6    356    9.7 1006.19999.9  18.6   1.0   5.0 999.9 999.9
            NJI  22  0527.5N 121.1E  9999.9   18.5    358    9.0 1006.49999.9  18.5   1.2   5.0 999.9 999.9
            NJI  22  0627.5N 121.1E  9999.9   18.5      6   10.0 1006.59999.9  18.5   1.5   5.2 999.9 999.9
            NJI  22  0727.5N 121.1E  9999.9   18.7      6   10.2 1006.59999.9  18.7   1.8   5.5 999.9 999.9
            NJI  22  0827.5N 121.1E  9999.9   18.6     21    7.5 1007.29999.9  18.6   1.7   5.5 999.9 999.9
            NJI  22  0927.5N 121.1E  9999.9   18.6     22    7.3 1008.49999.9  18.6   1.6   5.7 999.9 999.9
            NJI  22  1027.5N 121.1E  9999.9   18.6     37   10.6 1009.39999.9  18.6   1.4   5.7 999.9 999.9
            NJI  22  1127.5N 121.1E  9999.9   18.6     15   10.7 1010.39999.9  18.6   1.2   5.8 999.9 999.9
            NJI  22  1227.5N 121.1E  9999.9   18.5     19    9.0 1010.99999.9  18.5   1.3   5.9 999.9 999.9
            NJI  22  1327.5N 121.1E  9999.9   18.6     37    6.4 1011.29999.9  18.6   1.2   6.1 999.9 999.9
            NJI  22  1427.5N 121.1E  9999.9   18.7     21    6.5 1010.59999.9  18.7   1.0   5.5 999.9 999.9
            NJI  22  1527.5N 121.1E  9999.9   18.8     19    5.3 1009.29999.9  18.8   1.0   5.5 999.9 999.9
            NJI  22  1627.5N 121.1E  9999.9   18.8     43    8.0 1008.29999.9  18.8   1.3   5.3 999.9 999.9
            NJI  22  1727.5N 121.1E  9999.9   18.7     46    8.5 1008.59999.9  18.7   1.5   5.0 999.9 999.9
            NJI  22  1827.5N 121.1E  9999.9   18.6     47    9.6 1008.39999.9  18.6   1.6   5.4 999.9 999.9
            NJI  22  1927.5N 121.1E  9999.9   18.6     55   13.5 1008.69999.9  18.6   1.6   5.2 999.9 999.9
            NJI  22  2027.5N 121.1E  9999.9   18.7     57   14.7 1009.19999.9  18.7   1.7   5.5 999.9 999.9
            NJI  22  2127.5N 121.1E  9999.9   18.6     58   15.8 1009.89999.9  18.6   1.7   5.8 999.9 999.9
            NJI  22  2227.5N 121.1E  9999.9   18.7     57   16.4 1010.59999.9  18.7   1.5   5.9 999.9 999.9
            NJI  22  2327.5N 121.1E  9999.9   18.7     57   16.0 1010.79999.9  18.7   1.3   6.0 999.9 999.9
            NJI  23  0027.5N 121.1E  9999.9   18.6     54   14.9 1011.09999.9  18.6   1.6   6.2 999.9 999.9
            NJI  23  0127.5N 121.1E  9999.9   18.5     55   13.9 1010.99999.9  18.5   1.4   6.4 999.9 999.9
            NJI  23  0227.5N 121.1E  9999.9   18.2     53   12.1 1011.19999.9  18.2   1.5   6.0 999.9 999.9
            NJI  23  0327.5N 121.1E  9999.9   18.0     52   10.7 1011.29999.9  18.0   1.4   6.2 999.9 999.9
            NJI  23  0427.5N 121.1E  9999.9   18.3     34    8.2 1010.69999.9  18.3   1.4   5.8 999.9 999.9
            NJI  23  0527.5N 121.1E  9999.9   18.2     35    9.3 1009.99999.9  18.2   1.3   5.3 999.9 999.9
            NJI  23  0627.5N 121.1E  9999.9   18.1     22    9.1 1008.79999.9  18.1   1.2   5.0 999.9 999.9
            NJI  23  0727.5N 121.1E  9999.9   18.3     25    8.4 1008.49999.9  18.3   1.1   5.0 999.9 999.9
            NJI  23  0827.5N 121.1E  9999.9   18.4     14    9.0 1009.09999.9  18.4   1.1   5.6 999.9 999.9
            NJI  23  0927.5N 121.1E  9999.9   18.4      8   10.8 1009.69999.9  18.4   1.1   5.3 999.9 999.9
            NJI  23  1027.5N 121.1E  9999.9   18.3     22    8.9 1009.99999.9  18.3   1.2   5.9 999.9 999.9
            NJI  23  1127.5N 121.1E  9999.9   18.3     29    7.3 1010.49999.9  18.3   1.0   5.5 999.9 999.9
            NJI  23  1227.5N 121.1E  9999.9   18.2     18    8.2 1010.79999.9  18.2   1.1   6.3 999.9 999.9
            NJI  23  1327.5N 121.1E  9999.9   18.2     26    7.5 1010.69999.9  18.2   1.1   6.7 999.9 999.9
            NJI  23  1427.5N 121.1E  9999.9   18.2     37    7.9 1010.19999.9  18.2   1.1   5.9 999.9 999.9
            NJI  23  1527.5N 121.1E  9999.9   18.2     34    7.4 1009.39999.9  18.2   0.9   6.5 999.9 999.9
            NJI  23  1627.5N 121.1E  9999.9   18.2     35    8.2 1008.59999.9  18.2   1.1   6.6 999.9 999.9
            NJI  23  1727.5N 121.1E  9999.9   18.2     35    7.1 1007.89999.9  18.2   1.3   5.8 999.9 999.9
            NJI  23  1827.5N 121.1E  9999.9   18.2     45    6.9 1007.69999.9  18.2   1.1   5.9 999.9 999.9
            NJI  23  1927.5N 121.1E  9999.9   18.3     52    6.1 1007.39999.9  18.3   1.1   5.6 999.9 999.9
            NJI  23  2027.5N 121.1E  9999.9   18.4     53    7.6 1007.19999.9  18.4   1.1   5.8 999.9 999.9
            NJI  23  2127.5N 121.1E  9999.9   18.4     60    8.7 1007.49999.9  18.4   1.1   6.3 999.9 999.9
            NJI  23  2227.5N 121.1E  9999.9   18.4     55    8.2 1007.99999.9  18.4   1.0   6.4 999.9 999.9
            NJI  23  2327.5N 121.1E  9999.9   18.3     59    6.1 1008.39999.9  18.3   0.9   6.2 999.9 999.9
            NJI  24  0027.5N 121.1E  9999.9   18.2     46    5.0 1008.89999.9  18.2   0.9   7.1 999.9 999.9
            NJI  24  0127.5N 121.1E  9999.9   17.9     40    5.4 1008.89999.9  17.9   0.8   6.9 999.9 999.9
            NJI  24  0227.5N 121.1E  9999.9   16.1     37    5.3 1008.59999.9  16.1   0.8   6.6 999.9 999.9
            NJI  24  0327.5N 121.1E  9999.9   15.0     46    5.4 1008.19999.9  15.0   0.8   6.5 999.9 999.9
            NJI  24  0427.5N 121.1E  9999.9   14.5     26    6.6 1008.39999.9  14.5  99.8  99.8 999.9 999.9
            NJI  24  0527.5N 121.1E  9999.9   14.6     18    7.4 1008.29999.9  14.6  99.8  99.8 999.9 999.9
            NJI  24  0627.5N 121.1E  9999.9   17.5      4    8.9 1008.19999.9  17.5  99.8  99.8 999.9 999.9
            NJI  24  0727.5N 121.1E  9999.9   18.1      5    9.1 1007.79999.9  18.1  99.8  99.8 999.9 999.9
            NJI  24  0827.5N 121.1E  9999.9   18.4      5    8.5 1007.99999.9  18.4   0.9   5.6 999.9 999.9
            NJI  24  0927.5N 121.1E  9999.9   18.4      5    9.2 1008.29999.9  18.4   0.9   5.7 999.9 999.9
            NJI  24  1027.5N 121.1E  9999.9   18.5      5    9.4 1008.29999.9  18.5   0.9   6.1 999.9 999.9
            NJI  24  1127.5N 121.1E  9999.9   18.5      7    8.6 1008.69999.9  18.5   0.9   6.4 999.9 999.9
            NJI  24  1227.5N 121.1E  9999.9   18.5      5    9.7 1008.79999.9  18.5   0.8   6.7 999.9 999.9
            NJI  24  1327.5N 121.1E  9999.9   18.8      8    8.1 1008.99999.9  18.8   0.8   7.2 999.9 999.9
            NJI  24  1427.5N 121.1E  9999.9   18.7      9    8.0 1008.19999.9  18.7   0.8   6.6 999.9 999.9
            NJI  24  1527.5N 121.1E  9999.9   19.1      9    6.9 1007.39999.9  19.1   0.9   6.5 999.9 999.9
            NJI  24  1627.5N 121.1E  9999.9   19.1     22    4.9 1006.89999.9  19.1   1.0   6.6 999.9 999.9
            NJI  24  1727.5N 121.1E  9999.9   19.1     10    7.8 1006.49999.9  19.1   1.0   6.0 999.9 999.9
            NJI  24  1827.5N 121.1E  9999.9   18.8     20    6.7 1006.49999.9  18.8   1.0   6.0 999.9 999.9
            NJI  24  1927.5N 121.1E  9999.9   18.8     24    6.6 1006.59999.9  18.8   1.1   5.7 999.9 999.9
            NJI  24  2027.5N 121.1E  9999.9   18.8     35    6.6 1006.99999.9  18.8   1.0   5.7 999.9 999.9
            NJI  24  2127.5N 121.1E  9999.9   18.7     60    6.8 1007.29999.9  18.7   1.0   5.7 999.9 999.9
            NJI  24  2227.5N 121.1E  9999.9   18.6     64    6.6 1007.69999.9  18.6   1.0   5.8 999.9 999.9
            NJI  24  2327.5N 121.1E  9999.9   18.6     77    5.0 1008.29999.9  18.6   0.9   6.0 999.9 999.9
            NJI  25  0027.5N 121.1E  9999.9   18.6     93    4.9 1008.59999.9  18.6   0.8   6.1 999.9 999.9
            NJI  25  0127.5N 121.1E  9999.9   18.7     72    6.5 1008.49999.9  18.7   1.0   6.5 999.9 999.9
            NJI  25  0227.5N 121.1E  9999.9   18.3     63    5.4 1008.29999.9  18.3   0.9   6.6 999.9 999.9
            NJI  25  0327.5N 121.1E  9999.9   17.7     32    5.3 1007.89999.9  17.7   1.0   6.1 999.9 999.9
            NJI  25  0427.5N 121.1E  9999.9   17.3     27    5.1 1007.49999.9  17.3   1.0   6.3 999.9 999.9
            NJI  25  0527.5N 121.1E  9999.9   17.1     47    4.3 1007.19999.9  17.1   1.1   5.7 999.9 999.9
            NJI  25  0627.5N 121.1E  9999.9   17.0     54    5.1 1006.59999.9  17.0   1.2   5.4 999.9 999.9
            NJI  25  0727.5N 121.1E  9999.9   18.5     38    4.5 1006.39999.9  18.5   1.2   4.8 999.9 999.9
            NJI  25  0827.5N 121.1E  9999.9   18.5     47    5.6 1005.99999.9  18.5   1.3   5.4 999.9 999.9
            NJI  25  0927.5N 121.1E  9999.9   18.6     55    6.1 1006.39999.9  18.6   1.2   5.0 999.9 999.9
            NJI  25  1027.5N 121.1E  9999.9   18.6     59    8.4 1006.19999.9  18.6   1.3   6.0 999.9 999.9
            NJI  25  1127.5N 121.1E  9999.9   18.6     59    7.5 1006.59999.9  18.6   1.2   6.0 999.9 999.9
            NJI  25  1227.5N 121.1E  9999.9   18.6     48    6.2 1007.19999.9  18.6   1.1   5.7 999.9 999.9
            NJI  25  1327.5N 121.1E  9999.9   18.6     58    9.3 1006.19999.9  18.6   1.1   6.8 999.9 999.9
            NJI  25  1427.5N 121.1E  9999.9   18.6     56    7.6 1005.89999.9  18.6   1.2   6.7 999.9 999.9
            NJI  25  1527.5N 121.1E  9999.9   18.6     52    6.0 1005.09999.9  18.6   1.2   6.9 999.9 999.9
            NJI  25  1627.5N 121.1E  9999.9   18.6     34    4.9 1004.39999.9  18.6   1.2   6.7 999.9 999.9
            NJI  25  1727.5N 121.1E  9999.9   18.6     19    6.7 1003.69999.9  18.6   1.3   6.2 999.9 999.9
            NJI  25  1827.5N 121.1E  9999.9   18.6     22    7.8 1003.49999.9  18.6   1.2   6.2 999.9 999.9
            NJI  25  1927.5N 121.1E  9999.9   18.6     19    8.4 1003.59999.9  18.6   1.3   5.4 999.9 999.9
            NJI  25  2027.5N 121.1E  9999.9   18.6     23    8.6 1003.89999.9  18.6   1.3   5.9 999.9 999.9
            NJI  25  2127.5N 121.1E  9999.9   18.6      3   10.3 1004.39999.9  18.6   1.4   5.9 999.9 999.9
            NJI  25  2227.5N 121.1E  9999.9   18.5      6   11.5 1004.99999.9  18.5   1.3   6.2 999.9 999.9
            NJI  25  2327.5N 121.1E  9999.9   18.5      6   11.9 1005.69999.9  18.5   1.3   5.9 999.9 999.9
            NJI  26  0027.5N 121.1E  9999.9   18.5     15   11.8 1004.79999.9  18.5   1.3   6.7 999.9 999.9
            NJI  26  0127.5N 121.1E  9999.9   18.5     37   10.3 1003.29999.9  18.5   1.4   7.5 999.9 999.9
            NJI  26  0227.5N 121.1E  9999.9   18.5     21   11.3 1004.89999.9  18.5   1.3   7.8 999.9 999.9
            NJI  26  0327.5N 121.1E  9999.9   18.4     39   11.3 1002.59999.9  18.4   1.3   6.7 999.9 999.9
            NJI  26  0427.5N 121.1E  9999.9   18.3     24   11.4 1004.59999.9  18.3   1.6   7.3 999.9 999.9
            NJI  26  0527.5N 121.1E  9999.9   18.3     41    8.8 1003.49999.9  18.3   1.6   7.5 999.9 999.9
            NJI  26  0627.5N 121.1E  9999.9   18.3     31    7.9 1003.49999.9  18.3   1.5   7.1 999.9 999.9
            NJI  26  0727.5N 121.1E  9999.9   18.4     15   10.2 1004.29999.9  18.4   1.5   6.6 999.9 999.9
            NJI  26  0827.5N 121.1E  9999.9   18.3     17    7.1 1004.39999.9  18.3   1.5   7.0 999.9 999.9
            NJI  26  0927.5N 121.1E  9999.9   18.4     39    6.7 1004.59999.9  18.4   1.6   6.7 999.9 999.9
            NJI  26  1027.5N 121.1E  9999.9   18.4     53   10.6 1003.69999.9  18.4   1.5   6.8 999.9 999.9
            NJI  26  1127.5N 121.1E  9999.9   18.4     38   10.2 1004.69999.9  18.4   1.2   7.0 999.9 999.9
            NJI  26  1227.5N 121.1E  9999.9   18.4     32    8.8 1005.99999.9  18.4   1.2   7.4 999.9 999.9
            NJI  26  1327.5N 121.1E  9999.9   18.5     22    9.3 1006.09999.9  18.5   1.2   7.3 999.9 999.9
            NJI  26  1427.5N 121.1E  9999.9   18.4      7    9.5 1006.09999.9  18.4   1.2   8.8 999.9 999.9
            NJI  26  1527.5N 121.1E  9999.9   18.4     19    8.2 1005.39999.9  18.4   1.3   7.9 999.9 999.9
            NJI  26  1627.5N 121.1E  9999.9   18.4     14    6.3 1005.19999.9  18.4   1.0   7.9 999.9 999.9
            NJI  26  1727.5N 121.1E  9999.9   18.1    357    5.5 1004.99999.9  18.1   1.2   7.9 999.9 999.9
            NJI  26  1827.5N 121.1E  9999.9   17.6      3    6.7 1004.89999.9  17.6   1.2   7.9 999.9 999.9
            NJI  26  1927.5N 121.1E  9999.9   18.4     20    4.4 1005.19999.9  18.4   1.1   7.3 999.9 999.9
            NJI  26  2027.5N 121.1E  9999.9   18.4     28    5.1 1005.29999.9  18.4   1.1   7.4 999.9 999.9
            NJI  26  2127.5N 121.1E  9999.9   18.4     45    4.1 1005.89999.9  18.4   1.0   7.0 999.9 999.9
            NJI  26  2227.5N 121.1E  9999.9   18.4     60    3.9 1006.39999.9  18.4   0.9   7.4 999.9 999.9
            NJI  26  2327.5N 121.1E  9999.9   18.4     55    4.2 1006.69999.9  18.4   1.0   7.6 999.9 999.9
            NJI  27  0027.5N 121.1E  9999.9   18.5     52    3.9 1006.99999.9  18.5   1.0   7.3 999.9 999.9
            NJI  27  0127.5N 121.1E  9999.9   18.4     45    5.3 1006.99999.9  18.4   1.0   7.4 999.9 999.9
            NJI  27  0227.5N 121.1E  9999.9   18.4     37    6.2 1007.09999.9  18.4   1.0   7.5 999.9 999.9
            NJI  27  0327.5N 121.1E  9999.9   18.3     27    5.4 1006.89999.9  18.3   1.0   7.8 999.9 999.9
            NJI  27  0427.5N 121.1E  9999.9   18.2     38    6.0 1006.89999.9  18.2   1.1   7.4 999.9 999.9
            NJI  27  0527.5N 121.1E  9999.9   18.1     22    6.5 1006.69999.9  18.1   1.1   7.7 999.9 999.9
            NJI  27  0627.5N 121.1E  9999.9   18.1     19    8.0 1006.79999.9  18.1  99.8  99.8 999.9 999.9
            NJI  27  0727.5N 121.1E  9999.9   18.1     17    7.5 1006.69999.9  18.1   1.1   6.4 999.9 999.9
            NJI  27  0827.5N 121.1E  9999.9   18.1     14    6.8 1006.59999.9  18.1   1.1   6.5 999.9 999.9
            NJI  27  0927.5N 121.1E  9999.9   18.2      2    8.7 1006.99999.9  18.2   1.1   6.6 999.9 999.9
            NJI  27  1027.5N 121.1E  9999.9   18.4      7    8.0 1007.39999.9  18.4   1.1   6.4 999.9 999.9
            NJI  27  1127.5N 121.1E  9999.9   18.7      5    7.4 1007.89999.9  18.7   1.1   6.3 999.9 999.9
            NJI  27  1227.5N 121.1E  9999.9   18.7      3    8.2 1008.19999.9  18.7   1.1   6.9 999.9 999.9
            NJI  27  1327.5N 121.1E  9999.9   18.8      4    7.5 1007.99999.9  18.8   1.0   7.1 999.9 999.9
            NJI  27  1427.5N 121.1E  9999.9   18.9      1    6.3 1007.09999.9  18.9   1.1   7.2 999.9 999.9
            NJI  27  1527.5N 121.1E  9999.9   18.9      2    5.5 1006.39999.9  18.9   1.0   8.0 999.9 999.9
            NJI  27  1627.5N 121.1E  9999.9   18.7     20    5.5 1005.79999.9  18.7   1.2   7.9 999.9 999.9
            NJI  27  1727.5N 121.1E  9999.9   18.6     48    5.5 1005.29999.9  18.6   1.2   6.9 999.9 999.9
            NJI  27  1827.5N 121.1E  9999.9   18.5     65    5.9 1005.69999.9  18.5   1.3   7.1 999.9 999.9
            NJI  27  1927.5N 121.1E  9999.9   18.5     60    7.4 1005.29999.9  18.5   1.2   6.6 999.9 999.9
            NJI  27  2027.5N 121.1E  9999.9   18.4     75    6.1 1005.99999.9  18.4   1.4   6.2 999.9 999.9
            NJI  27  2127.5N 121.1E  9999.9   18.5     77    6.0 1006.49999.9  18.5   1.3   5.6 999.9 999.9
            NJI  27  2227.5N 121.1E  9999.9   18.4     78    6.2 1006.89999.9  18.4   1.3   6.2 999.9 999.9
            NJI  27  2327.5N 121.1E  9999.9   18.4     79    7.6 1007.09999.9  18.4   1.2   6.5 999.9 999.9
            NJI  28  0027.5N 121.1E  9999.9   18.4     76    6.5 1007.09999.9  18.4   1.2   7.2 999.9 999.9
            NJI  28  0127.5N 121.1E  9999.9   18.4     65    6.4 1007.29999.9  18.4   1.2   7.4 999.9 999.9
            NJI  28  0227.5N 121.1E  9999.9   18.4     56    9.1 1006.79999.9  18.4   1.3   7.6 999.9 999.9
            NJI  28  0327.5N 121.1E  9999.9   18.3     52    8.1 1006.69999.9  18.3   1.2   8.4 999.9 999.9
            NJI  28  0427.5N 121.1E  9999.9   18.3     53    8.3 1005.89999.9  18.3   1.2   8.3 999.9 999.9
            NJI  28  0527.5N 121.1E  9999.9   18.2     31    5.2 1006.29999.9  18.2   1.3   7.8 999.9 999.9
            NJI  28  0627.5N 121.1E  9999.9   18.1     18    5.5 1005.99999.9  18.1   1.1   7.9 999.9 999.9
            NJI  28  0727.5N 121.1E  9999.9   18.0     16    7.4 1005.59999.9  18.0   1.2   7.5 999.9 999.9
            NJI  28  0827.5N 121.1E  9999.9   18.2     25    4.7 1005.59999.9  18.2   1.3   7.6 999.9 999.9
            NJI  28  0927.5N 121.1E  9999.9   18.2     22    3.5 1006.29999.9  18.2   1.2   7.0 999.9 999.9
            NJI  28  1027.5N 121.1E  9999.9   18.3     15    3.6 1006.39999.9  18.3   1.1   6.6 999.9 999.9
            NJI  28  1127.5N 121.1E  9999.9   18.4      8    6.2 1006.69999.9  18.4   1.1   6.6 999.9 999.9
            NJI  28  1227.5N 121.1E  9999.9   18.5      8    6.6 1007.29999.9  18.5   1.1   6.7 999.9 999.9
            NJI  28  1327.5N 121.1E  9999.9   18.6      7    7.5 1007.69999.9  18.6   1.0   7.1 999.9 999.9
            NJI  28  1427.5N 121.1E  9999.9   18.4     46    4.6 1007.09999.9  18.4   1.0   6.6 999.9 999.9
            NJI  28  1527.5N 121.1E  9999.9   18.4     48    5.9 1006.19999.9  18.4   0.9   6.8 999.9 999.9
            NJI  28  1627.5N 121.1E  9999.9   18.4     61    6.0 1005.79999.9  18.4   1.0   7.6 999.9 999.9
            NJI  28  1727.5N 121.1E  9999.9   18.3     63    6.5 1004.99999.9  18.3   1.0   6.5 999.9 999.9
            NJI  28  1827.5N 121.1E  9999.9   18.3     73    6.1 1005.49999.9  18.3   1.1   6.9 999.9 999.9
            NJI  28  1927.5N 121.1E  9999.9   18.2     65    7.4 1005.69999.9  18.2   1.0   6.9 999.9 999.9
            NJI  28  2027.5N 121.1E  9999.9   18.2     79    6.2 1006.19999.9  18.2   1.1   6.2 999.9 999.9
            NJI  28  2127.5N 121.1E  9999.9   18.3     70    6.7 1006.99999.9  18.3   1.1   5.8 999.9 999.9
            NJI  28  2227.5N 121.1E  9999.9   18.3     66    7.1 1007.69999.9  18.3   1.1   5.6 999.9 999.9
            NJI  28  2327.5N 121.1E  9999.9   18.3     56    8.1 1008.19999.9  18.3   1.1   6.0 999.9 999.9
            NJI  29  0027.5N 121.1E  9999.9   18.3     56    7.5 1008.59999.9  18.3   1.0   5.8 999.9 999.9
            NJI  29  0127.5N 121.1E  9999.9   18.3     59    6.5 1008.59999.9  18.3   1.0   6.8 999.9 999.9
            NJI  29  0227.5N 121.1E  9999.9   18.3     49    4.3 1008.59999.9  18.3   1.0   7.0 999.9 999.9
            NJI  29  0327.5N 121.1E  9999.9   18.2     35    6.5 1008.29999.9  18.2   0.9   7.2 999.9 999.9
            NJI  29  0427.5N 121.1E  9999.9   18.2     24    4.2 1008.79999.9  18.2   0.9   7.2 999.9 999.9
            NJI  29  0527.5N 121.1E  9999.9   18.1     24    5.5 1008.69999.9  18.1   0.9   7.4 999.9 999.9
            NJI  29  0627.5N 121.1E  9999.9   17.9     32    4.8 1008.59999.9  17.9   0.9   7.1 999.9 999.9
            NJI  29  0727.5N 121.1E  9999.9   17.8     36    4.3 1008.39999.9  17.8   0.9   7.1 999.9 999.9
            NJI  29  0827.5N 121.1E  9999.9   17.8     35    5.6 1008.49999.9  17.8   0.9   6.9 999.9 999.9
            NJI  29  0927.5N 121.1E  9999.9   18.0     37    6.1 1008.99999.9  18.0   0.9   6.7 999.9 999.9
            NJI  29  1027.5N 121.1E  9999.9   18.1     36    4.8 1009.69999.9  18.1   0.9   7.4 999.9 999.9
            NJI  29  1127.5N 121.1E  9999.9   18.4      6    4.8 1010.79999.9  18.4   1.0   6.8 999.9 999.9
            NJI  29  1227.5N 121.1E  9999.9   18.5     16    3.8 1011.49999.9  18.5   1.1   7.7 999.9 999.9
            NJI  29  1327.5N 121.1E  9999.9   18.8     18    3.1 1011.39999.9  18.8   0.9   7.2 999.9 999.9
            NJI  29  1427.5N 121.1E  9999.9   18.9     31    3.4 1010.59999.9  18.9   0.9   7.9 999.9 999.9
            NJI  29  1527.5N 121.1E  9999.9   18.7     31    2.8 1009.89999.9  18.7   0.9   8.2 999.9 999.9
            NJI  29  1627.5N 121.1E  9999.9   18.6     13    4.0 1009.09999.9  18.6   0.9   7.9 999.9 999.9
            NJI  29  1727.5N 121.1E  9999.9   18.4     16    4.1 1008.79999.9  18.4   0.9   8.2 999.9 999.9
            NJI  29  1827.5N 121.1E  9999.9   18.3     30    3.6 1008.69999.9  18.3   1.0   8.1 999.9 999.9
            NJI  29  1927.5N 121.1E  9999.9   18.3     32    4.0 1008.69999.9  18.3   0.9   8.2 999.9 999.9
            NJI  29  2027.5N 121.1E  9999.9   18.3     33    3.8 1009.19999.9  18.3   1.0   7.5 999.9 999.9
            NJI  29  2127.5N 121.1E  9999.9   18.3     35    4.4 1009.79999.9  18.3   1.1   7.8 999.9 999.9
            NJI  29  2227.5N 121.1E  9999.9   18.3     49    4.0 1010.09999.9  18.3   1.0   7.2 999.9 999.9
            NJI  29  2327.5N 121.1E  9999.9   18.2     58    5.4 1010.19999.9  18.2   1.1   7.4 999.9 999.9
            NJI  30  0027.5N 121.1E  9999.9   18.2     62    6.6 1010.19999.9  18.2   0.9   6.6 999.9 999.9
            NJI  30  0127.5N 121.1E  9999.9   18.2     57    5.4 1010.19999.9  18.2   0.9   6.7 999.9 999.9
            NJI  30  0227.5N 121.1E  9999.9   18.2     56    4.7 1009.99999.9  18.2   0.9   6.8 999.9 999.9
            NJI  30  0327.5N 121.1E  9999.9   18.2     28    4.3 1010.09999.9  18.2   0.9   6.9 999.9 999.9
            NJI  30  0427.5N 121.1E  9999.9   18.2     32    3.7 1009.59999.9  18.2   0.8   7.5 999.9 999.9
            NJI  30  0527.5N 121.1E  9999.9   18.2     43    2.8 1009.49999.9  18.2   0.8   7.8 999.9 999.9
            NJI  30  0627.5N 121.1E  9999.9   18.1      5    5.3 1009.09999.9  18.1   0.8   7.4 999.9 999.9
            NJI  30  0727.5N 121.1E  9999.9   18.1    354    6.8 1008.99999.9  18.1   0.8   7.2 999.9 999.9
            NJI  30  0827.5N 121.1E  9999.9   18.0    357    9.1 1008.89999.9  18.0   0.8   7.0 999.9 999.9
            NJI  30  0927.5N 121.1E  9999.9   18.1      4    9.4 1009.39999.9  18.1   0.8   7.2 999.9 999.9
            NJI  30  1027.5N 121.1E  9999.9   18.2      3    8.6 1009.99999.9  18.2   0.7   6.4 999.9 999.9
            NJI  30  1127.5N 121.1E  9999.9   18.3      0    8.4 1010.19999.9  18.3   0.9   6.2 999.9 999.9
            NJI  30  1227.5N 121.1E  9999.9   18.5     12    7.4 1010.29999.9  18.5   0.8   6.7 999.9 999.9
            NJI  30  1327.5N 121.1E  9999.9   18.6      8    8.8 1010.29999.9  18.6   0.8   6.4 999.9 999.9
            NJI  30  1427.5N 121.1E  9999.9   18.6      7    9.1 1009.79999.9  18.6   0.8   6.2 999.9 999.9
            NJI  30  1527.5N 121.1E  9999.9   18.6     10    8.3 1008.69999.9  18.6   0.8   6.3 999.9 999.9
            NJI  30  1627.5N 121.1E  9999.9   18.6     19    5.8 1007.69999.9  18.6   0.8   6.6 999.9 999.9
            NJI  30  1727.5N 121.1E  9999.9   18.5     23    5.2 1007.09999.9  18.5   0.8   7.0 999.9 999.9
            NJI  30  1827.5N 121.1E  9999.9   18.5     32    5.7 1006.79999.9  18.5   0.7   6.9 999.9 999.9
            NJI  30  1927.5N 121.1E  9999.9   18.5     35    5.7 1007.09999.9  18.5   0.8   7.1 999.9 999.9
            NJI  30  2027.5N 121.1E  9999.9   18.5     36    6.0 1007.29999.9  18.5   0.8   6.8 999.9 999.9
            NJI  30  2127.5N 121.1E  9999.9   18.4     44    4.9 1007.69999.9  18.4   0.9   6.4 999.9 999.9
            NJI  30  2227.5N 121.1E  9999.9   18.4     36    6.0 1007.89999.9  18.4   0.9   6.4 999.9 999.9
            NJI  30  2327.5N 121.1E  9999.9   18.3     39    5.2 1007.69999.9  18.3   0.8   5.6 999.9 999.9
                                                                                                                                                                                                                                                                                                                                                                                